;fid;lat;long;LULC;DN;Ano;freq;Prior;alt;AREA;pasture;IIS;DNDVI;DNBR;solo_CH;solo_CU;solo_LA;solo_LV;solo_NC;IBGE_D;IBGE_DP;IBGE_F;IBGE_FP;IBGE_M;IBGE_MP;IBGE_NC;IBGE_R;IBGE_RP
0;279;-44,80697823;-22,79533424;15;8;2000;1,0;3;1202,368005;2,477429225;3,0;6;-0,067;-0,23199999999999998;1;0;0;0;0;1;0;0;0;0;0;0;0;0
1;298;-44,79397511;-22,78785576;3;8;2000;1,5;3;1297,72998;0,33034160100000004;0,0;6;-0,18100000000000002;-0,32799999999999996;1;0;0;0;0;1;0;0;0;0;0;0;0;0
2;299;-44,79067379999999;-22,787249399999997;3;8;2000;1,0;3;1394,218982;0,08258575900000001;0,0;6;0,031;0,395;1;0;0;0;0;1;0;0;0;0;0;0;0;0
3;302;-44,7940874;-22,78626126;3;8;2000;2,0;3;1241,893311;0,24775903100000002;0,0;6;-0,267;-0,061;1;0;0;0;0;1;0;0;0;0;0;0;0;0
4;318;-44,87286965;-22,78590193;3;8;2000;1,0;3;1042,134798;0,08258655599999999;0,0;5;-0,057;-0,1;1;0;0;0;0;1;0;0;0;0;0;0;0;0
5;319;-44,87246541;-22,78617142;3;8;2000;1,0;3;1053,48999;0,165172794;0,0;5;-0,10300000000000001;0,004;1;0;0;0;0;1;0;0;0;0;0;0;0;0
6;320;-44,87125268;-22,78617142;3;9;2000;1,0;3;1101,317777;0,082586397;0,0;5;-0,042;-0,11699999999999999;1;0;0;0;0;1;0;0;0;0;0;0;0;0
7;321;-44,87197134;-22,78662058;3;8;2000;1,0;3;1068,986694;0,24775839300000002;0,0;5;-0,11800000000000001;-0,067;1;0;0;0;0;1;0;0;0;0;0;0;0;0
8;331;-44,87652177;-22,78737021;3;1;2000;1,0;3;1042,420415;2,394984939;0,0;5;-0,071;-0,085;1;0;0;0;0;1;0;0;0;0;0;0;0;0
9;468;-44,87718156;-22,78374597;3;9;2000;1,0;3;1015,5089720000001;0,082587832;0,0;5;0,14800000000000002;0,053;1;0;0;0;0;1;0;0;0;0;0;0;0;0
10;1089;-44,81668932;-22,75412015;3;12;2000;2,0;3;1201,527245;4,7911102439999995;0,0;6;0,23600000000000002;-0,086;1;0;0;0;0;1;0;0;0;0;0;0;0;0
11;1090;-44,82934628;-22,76003045;3;1;2000;2,0;3;1138,334961;0,165203712;0,0;6;0,21;0,33899999999999997;1;0;0;0;0;1;0;0;0;0;0;0;0;0
12;263;-44,77948978;-22,8020716;3;4;2002;2,0;3;1829,6149899999998;0,16515397099999998;0,0;4;0,034;0,033;0;1;0;0;0;1;0;0;0;0;0;0;0;0
13;534;-44,75950226;-22,78518328;15;6;2002;1,0;3;1814,446655;0,247760945;1,333333333;4;0,107;0,18899999999999997;0;1;0;0;0;1;0;0;0;0;0;0;0;0
14;284;-44,90305304;-22,79533424;15;8;2004;1,0;3;958,5314227;0,247742923;2,0;6;0,016;0,019;1;0;0;0;0;1;0;0;0;0;0;0;0;0
15;1229;-44,77829463;-22,72662484;3;2;2005;1,869565217;3;1170,388481;3,8005929939999996;0,0;6;0,113;0,109;1;0;0;0;0;1;0;0;0;0;0;0;0;0
16;28;-44,75060894;-22,73155385;15;7;2006;2,666666667;3;1797,136678;0,247856032;2,0;6;0,114;0,152;0;1;0;0;0;1;0;0;0;0;0;0;0;0
17;29;-44,75092335;-22,73173352;15;8;2006;2,5;3;1802,069946;0,165237142;2,0;6;-0,067;-0,207;0;1;0;0;0;1;0;0;0;0;0;0;0;0
18;335;-44,768440500000004;-22,78603668;15;9;2007;2,458333333;3;1792,147497;1,9820754390000002;0,291666667;5;0,042;0,075;0;1;0;0;0;1;0;0;0;0;0;0;0;0
19;785;-44,84443797;-22,75706601;3;9;2007;1,0;3;1133,169983;0,165207216;0,0;5;-0,057999999999999996;-0,047;1;0;0;0;0;1;0;0;0;0;0;0;0;0
20;1104;-44,8405303;-22,75491005;3;9;2007;1,0;3;1076,950922;0,082604882;0,0;5;-0,061;-0,054000000000000006;1;0;0;0;0;1;0;0;0;0;0;0;0;0
21;1105;-44,84214727;-22,75544904;3;9;2007;1,0;3;1083,695373;0,082604564;0,0;5;-0,076;-0,049;1;0;0;0;0;1;0;0;0;0;0;0;0;0
22;1106;-44,84039555;-22,75571854;3;9;2007;1,0;3;1100,22998;0,165208809;0,0;5;-0,046;-0,023;1;0;0;0;0;1;0;0;0;0;0;0;0;0
23;1107;-44,84026081;-22,75598803;3;5;2007;1,0;3;1099,646451;0,082604245;0,0;5;-0,06;-0,042;1;0;0;0;0;1;0;0;0;0;0;0;0;0
24;1108;-44,84246168;-22,75603295;3;9;2007;1,0;3;1090,093343;0,49562531200000004;0,0;5;-0,055999999999999994;-0,05;1;0;0;0;0;1;0;0;0;0;0;0;0;0
25;1109;-44,83985656;-22,75625752;3;9;2007;1,0;3;1107,521366;0,165208172;0,0;5;-0,075;-0,040999999999999995;1;0;0;0;0;1;0;0;0;0;0;0;0;0
26;1111;-44,83628576;-22,75726813;3;9;2007;2,0;3;1108,779999;0,330413955;0,0;5;-0,045;-0,03;1;0;0;0;0;1;0;0;0;0;0;0;0;0
27;1112;-44,8369595;-22,757604999999998;3;9;2007;2,0;3;1099,32251;0,330413159;0,0;5;-0,038;-0,037000000000000005;1;0;0;0;0;1;0;0;0;0;0;0;0;0
28;1116;-44,83648788;-22,75868298;3;9;2007;2,0;3;1119,807661;0,082602653;0,0;5;-0,032;-0,006999999999999999;1;0;0;0;0;1;0;0;0;0;0;0;0;0
29;1117;-44,83621839;-22,76083893;3;7;2007;1,0;3;1132,057832;0,082601378;0,0;5;0,005;0,027000000000000003;1;0;0;0;0;1;0;0;0;0;0;0;0;0
30;1122;-44,83554465;-22,76172826;3;5;2007;1,0;3;1141,2811140000001;0,826008526;0,0;5;-0,055999999999999994;-0,047;1;0;0;0;0;1;0;0;0;0;0;0;0;0
31;1123;-44,83603872;-22,76173725;3;9;2007;1,0;3;1129,4433589999999;0,247802542;0,0;5;-0,049;-0,033;1;0;0;0;0;1;0;0;0;0;0;0;0;0
32;1124;-44,83514041;-22,7624559;3;9;2007;1,0;3;1153,35342;0,08260042299999999;0,0;5;-0,069;-0,051;1;0;0;0;0;1;0;0;0;0;0;0;0;0
33;1125;-44,83446667;-22,76272539;3;9;2007;1,5;3;1174,465027;0,165200526;0,0;5;-0,053;-0,043;1;0;0;0;0;1;0;0;0;0;0;0;0;0
34;1230;-44,76799776;-22,72976364;3;9;2007;1,476190476;3;1397,092282;3,470028833;0,0;5;-0,012;0,040999999999999995;1;0;0;0;0;1;0;0;0;0;0;0;0;0
35;1798;-44,74917164;-22,77337043;15;9;2007;5,0;3;1659,215027;0,165187939;1,0;5;-0,01;-0,012;0;1;0;0;0;1;0;0;0;0;0;0;0;0
36;481;-44,89092579;-22,77485265;3;8;2010;1,0;3;944,3099956;0,08259309299999999;0,0;5;0,10099999999999999;0,106;1;0;0;0;0;1;0;0;0;0;0;0;0;0
37;489;-44,89954962;-22,78293749;3;8;2010;1,0;3;1020,499172;0,08258831;0,0;5;-0,005;0,006;1;0;0;0;0;1;0;0;0;0;0;0;0;0
38;491;-44,89928012;-22,78334173;3;8;2010;1,0;3;1011,1849980000001;0,330352285;0,0;5;-0,012;0,008;1;0;0;0;0;1;0;0;0;0;0;0;0;0
39;492;-44,90062759;-22,78374597;3;8;2010;1,0;3;983,2256673;0,24776349600000003;0,0;5;0,023;0,028999999999999998;1;0;0;0;0;1;0;0;0;0;0;0;0;0
40;676;-44,77046171;-22,75881772;3;8;2010;5,0;3;1794,815002;0,165205146;0,0;6;0,048;0,049;0;1;0;0;0;1;0;0;0;0;0;0;0;0
41;679;-44,7710007;-22,75922197;3;8;2010;5,0;3;1780,824379;0,082602334;0,0;6;0,067;0,068;0;1;0;0;0;1;0;0;0;0;0;0;0;0
42;681;-44,77127019;-22,75976095;3;6;2010;5,0;3;1774,7758210000002;0,082602015;0,0;6;0,004;0,019;0;1;0;0;0;1;0;0;0;0;0;0;0;0
43;684;-44,77216851;-22,76047961;3;8;2010;3,0;3;1759,756673;0,24780477199999998;0,0;6;0,012;0,028999999999999998;0;1;0;0;0;1;0;0;0;0;0;0;0;0
44;721;-44,80253156;-22,77392867;3;8;2010;1,0;3;1342,835711;0,578155474;0,0;6;-0,004;0,05;1;0;0;0;0;1;0;0;0;0;0;0;0;0
45;722;-44,80387904;-22,77431366;3;8;2010;1,0;3;1304,154968;0,247780234;0,0;6;0,013999999999999999;0,048;1;0;0;0;0;1;0;0;0;0;0;0;0;0
46;852;-44,78191523;-22,74978965;3;8;2010;1,0;3;1636,72998;0,165215815;0,0;6;0,08800000000000001;0,09300000000000001;0;1;0;0;0;1;0;0;0;0;0;0;0;0
47;873;-44,76474243;-22,73963869;15;8;2010;2,666666667;3;1789,6944440000002;0,743525133;2,555555556;6;0,075;0,106;0;1;0;0;0;1;0;0;0;0;0;0;0;0
48;890;-44,75712173;-22,73388947;3;8;2010;1,0;3;1777,192229;0,16523459699999998;0,0;6;-0,016;-0,008;0;1;0;0;0;1;0;0;0;0;0;0;0;0
49;893;-44,7561785;-22,73388947;3;6;2010;1,0;3;1809,340289;0,08261729799999999;0,0;6;0,073;0,065;0;1;0;0;0;1;0;0;0;0;0;0;0;0
50;894;-44,755909;-22,73388947;3;8;2010;1,0;3;1819,1455079999998;0,08261729799999999;0,0;6;-0,053;-0,024;0;1;0;0;0;1;0;0;0;0;0;0;0;0
51;895;-44,75563951;-22,73388947;3;6;2010;1,0;3;1828,483371;0,08261729799999999;0,0;6;0,07;0,077;0;1;0;0;0;1;0;0;0;0;0;0;0;0
52;897;-44,75752597;-22,73415897;3;5;2010;1,0;3;1762,0439600000002;0,082617139;0,0;6;0,109;0,102;0;1;0;0;0;1;0;0;0;0;0;0;0;0
53;898;-44,75671748;-22,73415897;3;6;2010;1,0;3;1786,3993469999998;0,082617139;0,0;6;0,068;0,067;0;1;0;0;0;1;0;0;0;0;0;0;0;0
54;901;-44,75752597;-22,73442846;3;8;2010;1,0;3;1768,130356;0,08261698;0,0;6;0,006;0,025;0;1;0;0;0;1;0;0;0;0;0;0;0;0
55;925;-44,77051071;-22,73822589;3;8;2010;1,0;3;1541,622714;0,908762117;0,0;6;0,035;0,035;0;1;0;0;0;1;0;0;0;0;0;0;0;0
56;926;-44,77153969;-22,73820139;3;8;2010;1,0;3;1515,108645;0,082614752;0,0;6;0,121;0,128;0;1;0;0;0;1;0;0;0;0;0;0;0;0
57;927;-44,77153969;-22,73847088;3;5;2010;1,0;3;1514,2555929999999;0,082614593;0,0;6;-0,253;-0,23199999999999998;0;1;0;0;0;1;0;0;0;0;0;0;0;0
58;929;-44,77113545;-22,73874038;3;8;2010;1,0;3;1521,080017;0,165228868;0,0;6;0,003;0,01;0;1;0;0;0;1;0;0;0;0;0;0;0;0
59;1206;-44,81479357;-22,71987576;3;8;2010;2,5;3;781,7460022000001;0,165251139;0,0;6;-0,052000000000000005;-0,054000000000000006;1;0;0;0;0;1;0;0;0;0;0;0;0;0
60;1207;-44,81438933;-22,71987576;3;6;2010;3,0;3;790,8162855;0,08262557;0,0;6;0,084;0,113;1;0;0;0;0;1;0;0;0;0;0;0;0;0
61;1210;-44,81331135;-22,72122323;3;8;2010;3,0;3;824,8503787999999;0,082624775;0,0;6;0,06;0,087;1;0;0;0;0;1;0;0;0;0;0;0;0;0
62;189;-44,86898576;-22,85344995;15;8;2011;1,0;3;1005,928;1,403291036;0,529411765;5;-0,031;-0,051;1;0;0;0;0;1;0;0;0;0;0;0;0;0
63;395;-44,76911424;-22,78051204;3;8;2011;1,0;3;1737,686002;0,082589745;0,0;5;-0,002;-0,03;0;1;0;0;0;1;0;0;0;0;0;0;0;0
64;400;-44,76830575;-22,78078153;3;8;2011;1,0;3;1786,1688359999998;0,08258958599999999;0,0;5;-0,018000000000000002;-0,015;0;1;0;0;0;1;0;0;0;0;0;0;0;0
65;402;-44,76776676;-22,78078153;3;6;2011;2,0;3;1807,3241329999998;0,08258958599999999;0,0;5;0,013000000000000001;0,001;0;1;0;0;0;1;0;0;0;0;0;0;0;0
66;403;-44,76722777;-22,78078153;3;6;2011;2,0;3;1819,1431100000002;0,08258958599999999;0,0;5;0,002;0,012;0;1;0;0;0;1;0;0;0;0;0;0;0;0
67;208;-44,85420715;-22,80672039;3;11;2012;1,0;3;1089,13501;0,330296931;0,0;5;-0,09;-0,066;1;0;0;0;0;1;0;0;0;0;0;0;0;0
68;563;-44,75275591;-22,77285839;3;6;2012;1,0;3;1663,790991;0,825942721;0,0;5;-0,35200000000000004;-0,028999999999999998;0;1;0;0;0;1;0;0;0;0;0;0;0;0
69;690;-44,77059646;-22,75868298;3;2;2012;5,0;3;1791,594971;0,165205305;0,0;5;-0,251;-0,172;0;1;0;0;0;1;0;0;0;0;0;0;0;0
70;693;-44,77127019;-22,75935671;3;2;2012;5,0;3;1775,765015;0,165204509;0,0;5;-0,685;-0,135;0;1;0;0;0;1;0;0;0;0;0;0;0;0
71;697;-44,7710007;-22,75976095;3;9;2012;5,0;3;1779,4246030000002;0,082602015;0,0;5;-0,04;-0,027999999999999997;0;1;0;0;0;1;0;0;0;0;0;0;0;0
72;699;-44,77167443;-22,76029994;3;9;2012;5,0;3;1769,459961;0,165203394;0,0;5;-0,033;-0,028999999999999998;0;1;0;0;0;1;0;0;0;0;0;0;0;0
73;1231;-44,80037561;-22,70882648;3;11;2012;1,0;3;911,862325;0,24789626399999998;0,0;5;-0,151;-0,128;1;0;0;0;0;1;0;0;0;0;0;0;0;0
74;1232;-44,79997137;-22,71071294;3;11;2012;1,0;3;914,1170043999999;0,165261951;0,0;5;-0,09699999999999999;-0,08900000000000001;1;0;0;0;0;1;0;0;0;0;0;0;0;0
75;2200;-44,85427452;-22,80800048;3;11;2012;1,0;3;1085,808525;0,082573475;0,0;5;-0,069;-0,071;1;0;0;0;0;1;0;0;0;0;0;0;0;0
76;273;-44,85866344;-22,80045464;3;10;2013;1,0;3;1080,677159;0,5780456;0,0;6;-0,077;-0,055;1;0;0;0;0;1;0;0;0;0;0;0;0;0
77;569;-44,76143364;-22,77404417;15;9;2013;1,0;3;1853,880005;0,16518714199999998;0,0;6;-0,008;0,011000000000000001;0;1;0;0;0;1;0;0;0;0;0;0;0;0
78;791;-44,78312795;-22,75450581;3;10;2013;2,5;3;1739,0100100000002;0,16521024199999998;0,0;6;-0,10099999999999999;0,009000000000000001;0;1;0;0;0;1;0;0;0;0;0;0;0;0
79;905;-44,75671748;-22,73321574;15;9;2013;2,0;3;1807,3649899999998;0,16523539199999998;0,0;6;-0,015;0,006;0;1;0;0;0;1;0;0;0;0;0;0;0;0
80;947;-44,75294456;-22,73429372;15;9;2013;1,0;3;1854,909973;0,165234119;0,0;6;-0,022000000000000002;-0,032;0;1;0;0;0;1;0;0;0;0;0;0;0;0
81;949;-44,75537001;-22,74615148;15;9;2013;3,333333333;3;1791,709981;0,49566034200000003;1,0;6;-0,048;-0,067;0;1;0;0;0;1;0;0;0;0;0;0;0;0
82;965;-44,75712173;-22,73227251;15;9;2013;2,0;3;1790,820007;0,165236506;1,0;6;0,006999999999999999;0,022000000000000002;0;1;0;0;0;1;0;0;0;0;0;0;0;0
83;966;-44,75752597;-22,732542000000002;15;9;2013;2,0;3;1791,3376440000002;0,082618094;0,000130791;6;-0,022000000000000002;0,009000000000000001;0;1;0;0;0;1;0;0;0;0;0;0;0;0
84;478;-44,74566821;-22,77323568;15;9;2014;3,0;3;1656,15051;0,082594049;0,9999128159999999;3;-0,004;-0,07;0;1;0;0;0;1;0;0;0;0;0;0;0;0
85;729;-44,79902813;-22,76946276;3;9;2014;3,0;3;1478,2704820000001;0,08259628;0,0;3;-0,115;-0,055;0;1;0;0;0;1;0;0;0;0;0;0;0;0
86;993;-44,79687218;-22,73456321;3;9;2014;2,0;3;1043,815002;0,16523380099999999;0,0;3;0,027000000000000003;0,05;1;0;0;0;0;1;0;0;0;0;0;0;0;0
87;995;-44,79652569;-22,73496745;3;11;2014;2,0;3;1075,9157189999999;0,578316634;0,0;3;-0,057;-0,053;1;0;0;0;0;1;0;0;0;0;0;0;0;0
88;1015;-44,79660268;-22,73954886;3;11;2014;2,0;3;1237,4006539999998;0,082613957;0,0;3;-0,09;-0,061;1;0;0;0;0;1;0;0;0;0;0;0;0;0
89;1019;-44,79669252;-22,74017768;3;11;2014;2,0;3;1243,594991;0,49568151200000005;0,0;3;-0,15;-0,13699999999999998;1;0;0;0;0;1;0;0;0;0;0;0;0;0
90;1148;-44,80387904;-22,74143532;3;11;2014;2,0;3;1317,377692;0,08261284299999999;0,0;3;-0,076;-0,076;1;0;0;0;0;1;0;0;0;0;0;0;0;0
91;1202;-44,86006866;-22,71906727;3;9;2014;1,0;3;737,7385254;0,16525209400000002;0,0;3;0,027000000000000003;0,071;0;0;0;1;0;1;0;0;0;0;0;0;0;0
92;1237;-44,78258897;-22,72823009;3;11;2014;2,0;3;1200,0530529999999;0,08262063900000001;0,0;3;-0,272;-0,315;1;0;0;0;0;1;0;0;0;0;0;0;0;0
93;579;-44,76237687;-22,77862558;3;6;2015;2,0;3;1749,4459769999999;0,082590861;0,0;3;0,002;0,016;0;1;0;0;0;1;0;0;0;0;0;0;0;0
94;235;-44,780972;-22,80422756;3;6;2016;1,0;3;1819,177356;0,082575709;0,0;3;-0,203;0,015;0;1;0;0;0;1;0;0;0;0;0;0;0;0
95;237;-44,780972;-22,80476655;3;6;2016;1,0;3;1803,733476;0,08257539;0,0;3;-0,23199999999999998;-0,026000000000000002;0;1;0;0;0;1;0;0;0;0;0;0;0;0
96;238;-44,78027131;-22,80460485;3;6;2016;1,0;3;1815,7080079999998;0,412877428;0,0;3;-0,266;-0,004;0;1;0;0;0;1;0;0;0;0;0;0;0;0
97;240;-44,780702500000004;-22,80530554;3;6;2016;1,0;3;1797,75;0,247725212;0,0;3;-0,589;-0,11199999999999999;0;1;0;0;0;1;0;0;0;0;0;0;0;0
98;242;-44,78016351;-22,80584453;3;9;2016;1,0;3;1808,282564;0,082574751;0,0;3;-0,038;-0,049;0;1;0;0;0;1;0;0;0;0;0;0;0;0
99;243;-44,78043301;-22,80611402;3;9;2016;3,0;3;1802,123268;0,082574592;0,0;3;-0,06;-0,069;0;1;0;0;0;1;0;0;0;0;0;0;0;0
100;265;-44,77948978;-22,8020716;3;7;2016;2,0;3;1829,6149899999998;0,16515397099999998;0,0;3;0,061;0,078;0;1;0;0;0;1;0;0;0;0;0;0;0;0
101;267;-44,780972;-22,802341100000003;3;7;2016;1,0;3;1803,2346929999999;0,08257682599999999;0,0;3;0,024;0,025;0;1;0;0;0;1;0;0;0;0;0;0;0;0
102;268;-44,78029826;-22,802341100000003;3;7;2016;1,0;3;1814,335022;0,16515365199999998;0,0;3;0,07400000000000001;0,09300000000000001;0;1;0;0;0;1;0;0;0;0;0;0;0;0
103;269;-44,77989402;-22,802341100000003;3;9;2016;1,0;3;1823,901941;0,08257682599999999;0,0;3;-0,025;-0,064;0;1;0;0;0;1;0;0;0;0;0;0;0;0
104;409;-44,76911424;-22,78900112;3;7;2016;1,0;3;1803,7825010000001;0,33033889;0,0;3;0,032;0,033;0;1;0;0;0;1;0;0;0;0;0;0;0;0
105;830;-44,76938373;-22,75113713;3;9;2016;2,0;3;1828,010655;0,082607112;0,0;2;-0,042;-0,045;0;0;1;0;0;1;0;0;0;0;0;0;0;0
106;793;-44,78115166;-22,75203544;3;6;2017;4,0;3;1716,25718;0,247819743;0,0;2;-0,049;0,024;0;1;0;0;0;1;0;0;0;0;0;0;0;0
107;794;-44,78312795;-22,7547753;3;6;2017;3,0;3;1750,575012;0,165209924;0,0;2;0,028999999999999998;0,042;0;1;0;0;0;1;0;0;0;0;0;0;0;0
108;342;-44,7692939;-22,783835800000002;3;7;2018;1,0;3;1765,636637;0,247763337;0,0;6;0,054000000000000006;0,025;0;1;0;0;0;1;0;0;0;0;0;0;0;0
109;344;-44,76862915;-22,78406937;3;4;2018;1,0;3;1764,914014;0,41293820299999995;0,0;6;0,016;0,052000000000000005;0;1;0;0;0;1;0;0;0;0;0;0;0;0
110;347;-44,76776676;-22,7846892;3;4;2018;1,0;3;1774,679993;0,165174548;0,0;6;0,04;0,022000000000000002;0;1;0;0;0;1;0;0;0;0;0;0;0;0
111;600;-44,76354468;-22,77660437;3;4;2018;2,0;3;1788,2333370000001;0,49555234;0,0;6;-0,025;0,043;0;1;0;0;0;1;0;0;0;0;0;0;0;0
112;604;-44,76291586;-22,77889507;15;9;2018;3,0;3;1766,5100100000002;0,247772105;0,666666667;6;-0,068;-0,102;0;1;0;0;0;1;0;0;0;0;0;0;0;0
113;711;-44,77127019;-22,75976095;3;11;2018;5,0;3;1774,7758210000002;0,082602015;0,0;6;-0,054000000000000006;-0,068;0;1;0;0;0;1;0;0;0;0;0;0;0;0
114;836;-44,76938373;-22,75086763;3;12;2018;2,0;3;1830,4966969999998;0,082607271;8,72e-05;6;-0,068;-0,05;0;0;1;0;0;1;0;0;0;0;0;0;0;0
115;857;-44,776121100000005;-22,74817269;15;9;2018;1,0;3;1757,5100100000002;0,24782658899999999;0,0;6;-0,078;-0,055999999999999994;0;1;0;0;0;1;0;0;0;0;0;0;0;0
116;858;-44,77531261;-22,74817269;15;9;2018;1,0;3;1771,2688079999998;0,082608863;2,0;6;-0,049;-0,077;0;1;0;0;0;1;0;0;0;0;0;0;0;0
117;56;-44,78393644;-22,70855698;3;7;2019;1,0;3;1139,714367;0,082632247;0,0;6;0,057;0,034;1;0;0;0;0;1;0;0;0;0;0;0;0;0
118;57;-44,78285846;-22,70990446;3;11;2019;1,0;3;1202,978943;0,08263145200000001;0,0;6;-0,037000000000000005;-0,026000000000000002;1;0;0;0;0;1;0;0;0;0;0;0;0;0
119;59;-44,7858229;-22,70451456;3;7;2019;1,0;2;1004,66544;0,082634631;0,0;6;0,008;-0,013000000000000001;1;0;0;0;0;1;0;0;0;0;0;0;0;0
120;1227;-44,78528391;-22,71125193;3;9;2019;1,0;3;1179,273209;0,082630657;0,0;6;-0,046;-0,051;1;0;0;0;0;1;0;0;0;0;0;0;0;0
121;355;-44,75537001;-22,78509345;15;8;2020;1,0;3;1803,192873;0,082587035;0,0;5;-0,003;-0,021;0;1;0;0;0;1;0;0;0;0;0;0;0;0
122;419;-44,77288716;-22,79048334;15;7;2020;1,0;3;1795,040618;0,082583845;2,999869175;5;-0,003;-0,006;0;1;0;0;0;1;0;0;0;0;0;0;0;0
123;429;-44,83042425;-22,77943406;3;8;2020;1,0;3;1229,1131289999998;2,147349955;0,0;5;0,013000000000000001;0,03;1;0;0;0;0;1;0;0;0;0;0;0;0;0
124;504;-44,82436063;-22,76973225;3;2;2020;1,0;3;1229,420068;0,082596121;0,0;5;0,02;0,025;1;0;0;0;0;1;0;0;0;0;0;0;0;0
125;505;-44,82382164;-22,76973225;3;9;2020;1,0;3;1236,7266849999999;0,24778836199999998;0,0;5;0,022000000000000002;0,037000000000000005;1;0;0;0;0;1;0;0;0;0;0;0;0;0
126;506;-44,81385034;-22,76784579;3;11;2020;1,0;3;1378,812401;0,08259723599999999;0,0;5;-0,183;-0,204;1;0;0;0;0;1;0;0;0;0;0;0;0;0
127;507;-44,81492832;-22,76771104;3;11;2020;1,0;3;1399,355042;0,16519463199999998;0,0;5;-0,212;-0,278;1;0;0;0;0;1;0;0;0;0;0;0;0;0
128;509;-44,81452407;-22,76703731;3;1;2020;1,0;3;1435,594971;0,165195428;0,0;5;0,023;0,051;1;0;0;0;0;1;0;0;0;0;0;0;0;0
129;516;-44,81223337;-22,76649832;3;11;2020;1,0;3;1407,617759;0,082598033;0,0;5;-0,21100000000000002;-0,29;1;0;0;0;0;1;0;0;0;0;0;0;0;0
130;630;-44,76251162;-22,77862558;3;9;2020;2,0;3;1754,434998;0,165181722;0,0;5;0,025;0,025;0;1;0;0;0;1;0;0;0;0;0;0;0;0
131;633;-44,76318535;-22,77849083;15;7;2020;2,0;3;1754,460022;0,165181882;0,5;5;-0,024;-0,026000000000000002;0;1;0;0;0;1;0;0;0;0;0;0;0;0
132;636;-44,76008617;-22,77835608;3;9;2020;1,0;3;1715,575012;0,165182041;0,0;5;-0,01;-0,026000000000000002;0;1;0;0;0;1;0;0;0;0;0;0;0;0
133;640;-44,76350875;-22,77657742;3;9;2020;2,0;3;1788,280005;0,412960363;0,0;5;-0,06;-0,045;0;1;0;0;0;1;0;0;0;0;0;0;0;0
134;646;-44,82139619;-22,76110843;3;2;2020;1,0;3;1204,064221;0,082601219;0,0;5;0,040999999999999995;0,043;1;0;0;0;0;1;0;0;0;0;0;0;0;0
135;647;-44,81904773;-22,7650546;3;9;2020;1,0;3;1287,968567;1,1563844079999999;0,0;5;0,287;0,35700000000000004;1;0;0;0;0;1;0;0;0;0;0;0;0;0
136;648;-44,81595239;-22,76671391;3;11;2020;1,0;3;1394,34397;0,412989527;0,0;5;-0,14400000000000002;-0,18;1;0;0;0;0;1;0;0;0;0;0;0;0;0
137;649;-44,81492832;-22,76542034;3;11;2020;1,0;3;1381,570306;0,08259867;0,0;5;-0,13;-0,18100000000000002;1;0;0;0;0;1;0;0;0;0;0;0;0;0
138;714;-44,77177549;-22,76019888;3;11;2020;4,625;3;1767,5012359999998;0,660814053;0,0;5;-0,062;-0,066;0;1;0;0;0;1;0;0;0;0;0;0;0;0
139;737;-44,7957942;-22,76003045;3;11;2020;1,0;3;1633,8866779999998;0,247805568;0,0;5;-0,16;-0,17600000000000002;0;1;0;0;0;1;0;0;0;0;0;0;0;0
140;738;-44,79660268;-22,75976095;3;11;2020;1,0;3;1592,153427;0,082602015;0,0;5;-0,11699999999999999;-0,11199999999999999;0;1;0;0;0;1;0;0;0;0;0;0;0;0
141;739;-44,79660268;-22,75922197;3;11;2020;1,0;3;1604,634656;0,082602334;0,0;5;-0,134;-0,124;0;1;0;0;0;1;0;0;0;0;0;0;0;0
142;741;-44,80118409;-22,76003045;3;11;2020;1,0;3;1521,601103;0,082601856;0,0;5;-0,214;-0,278;0;1;0;0;0;1;0;0;0;0;0;0;0;0
143;742;-44,8009146;-22,76137792;3;11;2020;1,0;3;1462,786662;0,24780317899999998;0,0;5;-0,11699999999999999;-0,182;1;0;0;0;0;1;0;0;0;0;0;0;0;0
144;743;-44,79875864;-22,76218641;3;11;2020;1,0;3;1530,5235599999999;0,082600582;0,0;5;-0,113;-0,13;0;1;0;0;0;1;0;0;0;0;0;0;0;0
145;744;-44,79773456;-22,76272539;3;11;2020;1,0;3;1605,4279789999998;0,413001316;0,0;5;-0,10099999999999999;-0,106;0;1;0;0;0;1;0;0;0;0;0;0;0;0
146;745;-44,79687218;-22,7624559;3;11;2020;1,0;3;1643,402979;0,08260042299999999;0,0;5;-0,121;-0,168;0;1;0;0;0;1;0;0;0;0;0;0;0;0
147;746;-44,79842177;-22,76333176;3;11;2020;1,0;3;1574,033752;0,660799238;0,0;5;-0,086;-0,09;0;1;0;0;0;1;0;0;0;0;0;0;0;0
148;747;-44,79768066;-22,76407287;3;11;2020;1,0;3;1641,200541;0,082599467;0,0;5;-0,115;-0,073;0;1;0;0;0;1;0;0;0;0;0;0;0;0
149;748;-44,79875864;-22,76434236;3;11;2020;1,0;3;1553,416463;0,082599307;0,0;5;-0,11800000000000001;-0,091;0;1;0;0;0;1;0;0;0;0;0;0;0;0
150;750;-44,79875864;-22,76515085;3;2;2020;1,0;3;1521,248513;0,082598829;0,0;5;0,067;0,059000000000000004;0;1;0;0;0;1;0;0;0;0;0;0;0;0
151;751;-44,79821965;-22,76515085;3;11;2020;1,0;3;1576,4414279999999;0,082598829;0,0;5;-0,086;-0,084;0;1;0;0;0;1;0;0;0;0;0;0;0;0
152;752;-44,80037561;-22,77081023;3;9;2020;1,0;3;1412,831586;0,082595483;0,0;5;0,192;0,18;1;0;0;0;0;1;0;0;0;0;0;0;0;0
153;754;-44,81007741;-22,76043469;3;2;2020;1,0;3;1383,759949;0,165203234;0,0;5;0,023;0,022000000000000002;1;0;0;0;0;1;0;0;0;0;0;0;0;0
154;755;-44,81034691;-22,76029994;3;7;2020;1,0;3;1372,210493;0,082601697;0,0;5;0,017;0,021;1;0;0;0;0;1;0;0;0;0;0;0;0;0
155;756;-44,819577100000004;-22,758885100000004;3;2;2020;1,0;3;1183,20874;0,660820265;0,0;5;0,017;0,017;1;0;0;0;0;1;0;0;0;0;0;0;0;0
156;757;-44,81668003;-22,76110843;3;11;2020;1,0;3;1268,79127;0,165202438;0,0;5;-0,156;-0,149;1;0;0;0;0;1;0;0;0;0;0;0;0;0
157;758;-44,81708427;-22,76056944;3;2;2020;1,0;3;1253,159937;0,082601538;0,0;5;0,061;0,055999999999999994;1;0;0;0;0;1;0;0;0;0;0;0;0;0
158;759;-44,81816225;-22,76056944;3;2;2020;1,0;3;1225,277589;0,082601538;0,0;5;0,026000000000000002;0,027000000000000003;1;0;0;0;0;1;0;0;0;0;0;0;0;0
159;783;-44,80630449;-22,75464056;3;11;2020;1,333333333;3;1407,866659;0,247815125;0,0;5;-0,182;-0,183;1;0;0;0;0;1;0;0;0;0;0;0;0;0
160;784;-44,80509176;-22,75517955;3;11;2020;1,0;3;1485,127502;0,330418892;0,0;5;-0,182;-0,187;1;0;0;0;0;1;0;0;0;0;0;0;0;0
161;798;-44,78124149;-22,75221511;3;7;2020;4,0;3;1714,8202030000002;0,082606475;0,0;5;0,02;0,027000000000000003;0;1;0;0;0;1;0;0;0;0;0;0;0;0
162;863;-44,77935503;-22,75113713;3;7;2020;1,0;3;1718,4929670000001;0,082607112;0,0;5;0,040999999999999995;0,040999999999999995;0;1;0;0;0;1;0;0;0;0;0;0;0;0
163;864;-44,77895079;-22,75086763;3;11;2020;1,0;3;1718,1449579999999;0,165214542;0,0;5;-0,077;-0,096;0;1;0;0;0;1;0;0;0;0;0;0;0;0
164;962;-44,76163576;-22,7486443;15;8;2020;1,75;3;1825,165009;0,330434338;0,75;5;-0,011000000000000001;-0,017;0;1;0;0;0;1;0;0;0;0;0;0;0;0
165;1028;-44,79660268;-22,74035734;3;11;2020;2,0;3;1245,367967;0,082613479;0,0;5;-0,145;-0,24;1;0;0;0;0;1;0;0;0;0;0;0;0;0
166;1029;-44,79660268;-22,73308099;3;2;2020;1,0;3;1014,083625;0,08261777599999999;0,0;5;0,25;0,146;1;0;0;0;0;1;0;0;0;0;0;0;0;0
167;1030;-44,79768066;-22,73954886;3;11;2020;2,0;3;1283,4025279999998;0,082613957;0,0;5;-0,158;-0,295;1;0;0;0;0;1;0;0;0;0;0;0;0;0
168;1031;-44,79417723;-22,73200301;3;11;2020;1,0;3;1043,373895;0,082618412;0,0;5;-0,03;-0,052000000000000005;1;0;0;0;0;1;0;0;0;0;0;0;0;0
169;1033;-44,79714167;-22,73496745;3;11;2020;2,0;3;1070,934991;0,08261666200000001;0,0;5;-0,095;-0,14;1;0;0;0;0;1;0;0;0;0;0;0;0;0
170;1034;-44,79633319;-22,73308099;3;9;2020;1,0;3;1029,15145;0,08261777599999999;0,0;5;0,009000000000000001;0,065;1;0;0;0;0;1;0;0;0;0;0;0;0;0
171;1035;-44,79660268;-22,73267675;3;9;2020;1,0;3;1015,449982;0,165236029;0,0;5;0,05;0,10400000000000001;1;0;0;0;0;1;0;0;0;0;0;0;0;0
172;1036;-44,79741117;-22,74049209;3;11;2020;2,0;3;1258,845032;0,165226799;0,0;5;-0,14300000000000002;-0,276;1;0;0;0;0;1;0;0;0;0;0;0;0;0
173;1037;-44,79606369;-22,73348523;3;9;2020;1,0;3;1063,325012;0,165235074;0,0;5;0,002;0,037000000000000005;1;0;0;0;0;1;0;0;0;0;0;0;0;0
174;1038;-44,79633319;-22,73348523;3;2;2020;1,0;3;1042,880005;0,165235074;0,0;5;0,258;0,155;1;0;0;0;0;1;0;0;0;0;0;0;0;0
175;1039;-44,79592895;-22,73469796;3;11;2020;2,0;3;1097,440002;0,165233642;0,0;5;-0,071;-0,12300000000000001;1;0;0;0;0;1;0;0;0;0;0;0;0;0
176;1040;-44,79646794;-22,74008785;3;2;2020;1,5;3;1240,720032;0,165227277;0,0;5;0,396;0,212;1;0;0;0;0;1;0;0;0;0;0;0;0;0
177;1042;-44,79363824;-22,73698866;3;11;2020;2,0;3;1217,505005;0,165230937;0,0;5;-0,111;-0,158;1;0;0;0;0;1;0;0;0;0;0;0;0;0
178;1044;-44,79404248;-22,73591068;3;11;2020;2,0;3;1198,384979;0,33046442;0,0;5;-0,12300000000000001;-0,135;1;0;0;0;0;1;0;0;0;0;0;0;0;0
179;1046;-44,79336875;-22,73449584;3;11;2020;1,75;3;1160,709991;0,330467762;0,0;5;-0,057999999999999996;-0,09699999999999999;1;0;0;0;0;1;0;0;0;0;0;0;0;0
180;1047;-44,79168441;-22,73422634;3;11;2020;1,0;3;1182,195007;0,330468398;0,0;5;-0,084;-0,1;1;0;0;0;0;1;0;0;0;0;0;0;0;0
181;1052;-44,793234000000005;-22,732542000000002;3;11;2020;1,0;3;1082,640015;0,165236188;0,0;5;-0,16899999999999998;-0,195;1;0;0;0;0;1;0;0;0;0;0;0;0;0
182;1053;-44,79250038;-22,73197307;3;11;2020;1,814814815;3;1100,556668;2,230697605;0,0;0;-0,19;-0,217;1;0;0;0;0;1;0;0;0;0;0;0;0;0
183;1054;-44,79229077;-22,73200301;3;9;2020;2,0;3;1110,269875;0,082618412;0,0;5;0,266;0,33799999999999997;1;0;0;0;0;1;0;0;0;0;0;0;0;0
184;1055;-44,79336875;-22,72984706;3;11;2020;1,0;3;1038,494946;0,082619685;0,0;5;-0,179;-0,19;1;0;0;0;0;1;0;0;0;0;0;0;0;0
185;1056;-44,79684223;-22,72870919;3;11;2020;1,0;3;1008,960334;0,7435832090000001;0,0;5;-0,205;-0,24600000000000002;1;0;0;0;0;1;0;0;0;0;0;0;0;0
186;1057;-44,79188653;-22,72876908;3;2;2020;1,0;3;1074,640015;0,165240642;0,0;5;0,327;0,159;1;0;0;0;0;1;0;0;0;0;0;0;0;0
187;1058;-44,790943299999995;-22,72823009;3;11;2020;1,0;3;1108,918535;0,08262063900000001;0,0;5;-0,21899999999999997;-0,23399999999999999;1;0;0;0;0;1;0;0;0;0;0;0;0;0
188;1060;-44,79282976;-22,74547774;3;11;2020;1,0;3;1347,544729;0,082610455;0,0;5;-0,22699999999999998;-0,255;1;0;0;0;0;1;0;0;0;0;0;0;0;0
189;1061;-44,79309925;-22,74520825;3;11;2020;1,0;3;1344,0350429999999;0,082610614;0,0;5;-0,253;-0,273;1;0;0;0;0;1;0;0;0;0;0;0;0;0
190;1062;-44,79363824;-22,7427828;3;2;2020;1,0;3;1300,1225949999998;0,08261204700000001;0,0;5;0,061;0,114;1;0;0;0;0;1;0;0;0;0;0;0;0;0
191;1063;-44,79179028;-22,73943336;3;9;2020;1,619047619;3;1309,8619039999999;1,7348945230000001;0,0;5;0,25;0,32299999999999995;1;0;0;0;0;1;0;0;0;0;0;0;0;0
192;1064;-44,79247403;-22,73875116;3;11;2020;1,12;3;1271,422798;2,065360694;0,0;5;-0,122;-0,19699999999999998;1;0;0;0;0;1;0;0;0;0;0;0;0;0
193;1066;-44,79336875;-22,73900987;3;11;2020;1,0;3;1234,905201;0,082614275;0,0;5;-0,035;-0,087;1;0;0;0;0;1;0;0;0;0;0;0;0;0
194;1067;-44,79336875;-22,73860563;3;9;2020;1,0;3;1223,609985;0,165229027;0,0;5;0,069;0,095;1;0;0;0;0;1;0;0;0;0;0;0;0;0
195;1068;-44,79673743;-22,73847088;3;11;2020;1,75;3;1268,592499;0,330458373;0,0;5;-0,14300000000000002;-0,254;1;0;0;0;0;1;0;0;0;0;0;0;0;0
196;1152;-44,81115539;-22,74574724;3;2;2020;1,0;3;1310,699336;0,082610296;0,0;5;0,036000000000000004;0,043;1;0;0;0;0;1;0;0;0;0;0;0;0;0
197;1153;-44,80738247;-22,74601673;3;11;2020;1,0;3;1276,605026;0,082610137;0,0;5;-0,11;-0,258;1;0;0;0;0;1;0;0;0;0;0;0;0;0
198;1154;-44,80899943;-22,74601673;3;11;2020;1,0;3;1307,410615;0,082610137;0,0;5;-0,13699999999999998;-0,17300000000000001;1;0;0;0;0;1;0;0;0;0;0;0;0;0
199;1155;-44,80495702;-22,74143532;3;11;2020;1,0;3;1289,539536;0,08261284299999999;0,0;5;-0,114;-0,18899999999999997;1;0;0;0;0;1;0;0;0;0;0;0;0;0
200;1156;-44,80872994;-22,74628622;3;11;2020;1,0;3;1302,454315;0,082609977;0,0;5;-0,154;-0,204;1;0;0;0;0;1;0;0;0;0;0;0;0;0
201;1157;-44,80872994;-22,74574724;3;11;2020;1,0;3;1325,940735;0,082610296;0,0;5;-0,096;-0,141;1;0;0;0;0;1;0;0;0;0;0;0;0;0
202;1159;-44,81007741;-22,74574724;3;11;2020;1,0;3;1321,482925;0,082610296;0,0;5;-0,125;-0,17800000000000002;1;0;0;0;0;1;0;0;0;0;0;0;0;0
203;1160;-44,81142489;-22,74574724;3;11;2020;1,0;3;1307,583029;0,082610296;0,0;5;-0,102;-0,147;1;0;0;0;0;1;0;0;0;0;0;0;0;0
204;1161;-44,81385034;-22,737392899999996;3;2;2020;1,0;3;1072,191372;0,08261523;0,0;5;0,152;0,179;1;0;0;0;0;1;0;0;0;0;0;0;0;0
205;1162;-44,80738247;-22,74561249;3;9;2020;1,0;3;1293,724976;0,165220751;0,0;5;0,26;0,35600000000000004;1;0;0;0;0;1;0;0;0;0;0;0;0;0
206;1163;-44,81789276;-22,74345653;3;11;2020;1,0;3;1149,985046;0,16522329800000002;0,0;5;-0,155;-0,179;1;0;0;0;0;1;0;0;0;0;0;0;0;0
207;1164;-44,80765196;-22,74621885;3;9;2020;1,0;3;1282,1000060000001;0,330440069;0,0;5;0,259;0,353;1;0;0;0;0;1;0;0;0;0;0;0;0;0
208;1165;-44,80797536;-22,74572029;3;11;2020;1,0;3;1315,0939939999998;0,826103117;0,0;5;-0,125;-0,231;1;0;0;0;0;1;0;0;0;0;0;0;0;0
209;1166;-44,81641054;-22,74655572;3;11;2020;1,0;3;1267,369995;0,165219636;0,0;5;-0,233;-0,292;1;0;0;0;0;1;0;0;0;0;0;0;0;0
210;1167;-44,81155963;-22,74655572;3;11;2020;1,0;3;1261,664978;0,165219636;0,0;5;-0,17600000000000002;-0,24100000000000002;1;0;0;0;0;1;0;0;0;0;0;0;0;0
211;1168;-44,80770586;-22,74148922;3;11;2020;1,0;3;1249,661987;0,41306405399999996;0,0;5;-0,198;-0,209;1;0;0;0;0;1;0;0;0;0;0;0;0;0
212;1171;-44,82692082;-22,74547774;3;11;2020;1,0;3;1120,445007;0,16522091;0,0;5;-0,243;-0,336;1;0;0;0;0;1;0;0;0;0;0;0;0;0
213;1172;-44,82341739;-22,75410157;3;11;2020;1,0;3;1142,680054;0,16521072;0,0;5;-0,11800000000000001;-0,12;1;0;0;0;0;1;0;0;0;0;0;0;0;0
214;1173;-44,82301315;-22,75437106;3;11;2020;1,0;3;1142,286031;0,082605201;0,0;5;-0,10099999999999999;-0,106;1;0;0;0;0;1;0;0;0;0;0;0;0;0
215;1174;-44,82274366;-22,75491005;3;2;2020;1,0;3;1137,120748;0,082604882;0,0;5;0,04;0,033;1;0;0;0;0;1;0;0;0;0;0;0;0;0
216;1175;-44,82247416;-22,75517955;3;11;2020;1,0;3;1145,1436449999999;0,082604723;0,0;5;-0,077;-0,08;1;0;0;0;0;1;0;0;0;0;0;0;0;0
217;1178;-44,80985283;-22,74702734;3;11;2020;1,0;3;1257,034983;0,991314475;0,0;5;-0,147;-0,226;1;0;0;0;0;1;0;0;0;0;0;0;0;0
218;1179;-44,80468752;-22,75706601;3;11;2020;1,0;3;1523,878003;0,413018041;0,0;5;-0,175;-0,172;0;0;0;0;1;1;0;0;0;0;0;0;0;0
219;1180;-44,80468752;-22,757604999999998;3;11;2020;1,0;3;1519,9833720000001;0,08260329;0,0;5;-0,21600000000000003;-0,201;0;0;0;0;1;1;0;0;0;0;0;0;0;0
220;1181;-44,80118409;-22,74925067;3;2;2020;1,0;3;1343,04018;0,08260822599999999;0,0;5;-0,013000000000000001;-0,012;1;0;0;0;0;1;0;0;0;0;0;0;0;0
221;1183;-44,81187404;-22,76263556;3;11;2020;1,0;3;1388,1233320000001;0,247800949;0,0;5;-0,168;-0,159;1;0;0;0;0;1;0;0;0;0;0;0;0;0
222;1184;-44,8131766;-22,76218641;3;11;2020;1,0;3;1348,644958;0,165201164;0,0;5;-0,13699999999999998;-0,133;1;0;0;0;0;1;0;0;0;0;0;0;0;0
223;1185;-44,81196387;-22,76083893;3;11;2020;3,0;3;1353,154751;0,082601378;0,0;5;-0,22899999999999998;-0,172;1;0;0;0;0;1;0;0;0;0;0;0;0;0
224;1186;-44,81501815;-22,76012028;3;2;2020;1,0;3;1273,507785;0,743416228;0,0;5;0,042;0,040999999999999995;1;0;0;0;0;1;0;0;0;0;0;0;0;0
225;1189;-44,81600629;-22,75841348;3;2;2020;1,0;3;1245,866724;0,082602812;0,0;5;0,031;0,034;1;0;0;0;0;1;0;0;0;0;0;0;0;0
226;1191;-44,81385034;-22,75625752;3;2;2020;1,0;3;1240,909028;0,082604086;0,0;5;0,019;0,019;1;0;0;0;0;1;0;0;0;0;0;0;0;0
227;1192;-44,81627579;-22,74871168;3;11;2020;1,0;3;1254,626709;0,247825634;0,0;5;-0,126;-0,179;1;0;0;0;0;1;0;0;0;0;0;0;0;0
228;1193;-44,81816225;-22,74844218;3;11;2020;1,0;3;1286,981566;0,082608704;0,0;5;-0,159;-0,218;1;0;0;0;0;1;0;0;0;0;0;0;0;0
229;1194;-44,81789276;-22,74817269;3;11;2020;1,0;3;1293,993591;0,082608863;0,0;5;-0,168;-0,217;1;0;0;0;0;1;0;0;0;0;0;0;0;0
230;1195;-44,81492832;-22,74817269;3;9;2020;1,0;3;1244,228364;0,082608863;0,0;5;0,135;0,185;1;0;0;0;0;1;0;0;0;0;0;0;0;0
231;1196;-44,8149882;-22,74793314;3;11;2020;1,0;3;1252,628893;0,7434810409999999;0,0;5;-0,16;-0,201;1;0;0;0;0;1;0;0;0;0;0;0;0;0
232;1197;-44,81325146;-22,74733426;3;11;2020;1,0;3;1250,103326;0,743484225;0,0;5;-0,171;-0,22;1;0;0;0;0;1;0;0;0;0;0;0;0;0
233;1198;-44,81023141;-22,74709471;3;9;2020;1,0;3;1246,725708;0,5782664989999999;0,0;5;0,23600000000000002;0,312;1;0;0;0;0;1;0;0;0;0;0;0;0;0
234;1199;-44,81082371;-22,74682521;3;11;2020;1,0;3;1256,156945;1,073925567;0,0;5;-0,14;-0,18899999999999997;1;0;0;0;0;1;0;0;0;0;0;0;0;0
235;1200;-44,81223337;-22,74682521;3;11;2020;1,0;3;1256,329017;0,082609659;0,0;5;-0,128;-0,21;1;0;0;0;0;1;0;0;0;0;0;0;0;0
236;1201;-44,81533256;-22,74170482;3;2;2020;1,0;3;1140,5;0,16522536699999998;0,0;5;0,297;0,23399999999999999;1;0;0;0;0;1;0;0;0;0;0;0;0;0
237;1213;-44,81411983;-22,71960626;3;3;2020;2,0;3;808,8756266;0,08262572900000001;0,0;5;0,065;0,052000000000000005;1;0;0;0;0;1;0;0;0;0;0;0;0;0
238;1214;-44,81465882;-22,71960626;3;3;2020;2,0;3;791,1727126000001;0,08262572900000001;0,0;5;0,087;0,073;1;0;0;0;0;1;0;0;0;0;0;0;0;0
239;1215;-44,81385034;-22,72014525;3;11;2020;3,0;3;802,3767497;0,082625411;0,0;5;-0,071;-0,099;1;0;0;0;0;1;0;0;0;0;0;0;0;0
240;1216;-44,81438933;-22,7200105;3;8;2020;3,0;3;790,3095093;0,16525098;0,0;5;-0,10400000000000001;-0,081;1;0;0;0;0;1;0;0;0;0;0;0;0;0
241;1239;-44,78312795;-22,73119453;3;2;2020;1,0;3;1237,064915;0,082618889;0,0;5;0,379;0,22;1;0;0;0;0;1;0;0;0;0;0;0;0;0
242;1240;-44,78312795;-22,73065554;3;11;2020;1,0;3;1227,5252150000001;0,082619208;0,0;5;-0,15;-0,217;1;0;0;0;0;1;0;0;0;0;0;0;0;0
243;1241;-44,78541866;-22,72715211;3;11;2020;1,0;3;1081,414014;0,826212756;0,0;5;-0,14;-0,166;1;0;0;0;0;1;0;0;0;0;0;0;0;0
244;1245;-44,77180918;-22,73469796;3;7;2020;1,0;3;1406,499225;0,082616821;0,0;5;-0,067;-0,064;1;0;0;0;0;1;0;0;0;0;0;0;0;0
245;1246;-44,77167443;-22,73415897;3;7;2020;1,0;3;1396,255005;0,165234279;0,0;5;-0,114;-0,11900000000000001;1;0;0;0;0;1;0;0;0;0;0;0;0;0
246;2863;-44,87475611;-22,78320698;3;9;2000;1,0;3;1014,6163529999999;0,082588151;0,0;5;-0,11800000000000001;-0,1;1;0;0;0;0;0;1;0;0;0;0;0;0;0
247;2867;-44,87421712;-22,78347648;3;1;2000;1,0;3;1020,549136;0,082587991;0,0;5;-0,11599999999999999;-0,106;1;0;0;0;0;0;1;0;0;0;0;0;0;0
248;2870;-44,87260016;-22,78374597;3;1;2000;1,0;3;1066,7733560000001;0,24776349600000003;0,0;5;-0,10800000000000001;-0,078;1;0;0;0;0;0;1;0;0;0;0;0;0;0
249;2871;-44,87340864;-22,78347648;3;1;2000;1,0;3;1049,165984;0,082587991;0,0;5;0,037000000000000005;0,127;1;0;0;0;0;0;1;0;0;0;0;0;0;0
250;2926;-44,87367813;-22,78428496;3;1;2000;1,0;3;1020,087356;0,082587513;0,0;5;0,106;0,415;1;0;0;0;0;0;1;0;0;0;0;0;0;0
251;2929;-44,8730044;-22,78482395;3;8;2000;1,0;3;1037,315002;0,165174388;0,0;5;0,14800000000000002;0,18899999999999997;1;0;0;0;0;0;1;0;0;0;0;0;0;0
252;1806;-44,80744105;-22,76133691;3;9;2007;1,869565217;3;1486,704865;3,799649862;0,0;5;0,252;0,34600000000000003;0;0;0;0;1;0;1;0;0;0;0;0;0;0
253;1807;-44,83621839;-22,76218641;3;9;2007;1,0;3;1142,235349;0,082600582;0,0;5;-0,098;-0,098;1;0;0;0;0;0;1;0;0;0;0;0;0;0
254;1811;-44,83446667;-22,76326438;3;9;2007;1,0;3;1178,005005;0,16519988900000002;0,0;5;-0,04;-0,03;1;0;0;0;0;0;1;0;0;0;0;0;0;0
255;1818;-44,8354099;-22,76110843;3;9;2007;1,0;3;1149,836701;0,082601219;0,0;5;-0,049;-0,032;1;0;0;0;0;0;1;0;0;0;0;0;0;0
256;1819;-44,83891333;-22,75625752;3;9;2007;1,0;3;1135,347792;0,082604086;0,0;5;-0,135;-0,125;1;0;0;0;0;0;1;0;0;0;0;0;0;0
257;1821;-44,83918283;-22,75679651;3;9;2007;1,0;3;1117,911326;0,08260376700000001;0,0;5;-0,076;-0,023;1;0;0;0;0;0;1;0;0;0;0;0;0;0
258;1823;-44,8388235;-22,75756008;3;9;2007;1,5;3;1117,611694;0,49561989700000003;0,0;5;-0,10300000000000001;-0,079;1;0;0;0;0;0;1;0;0;0;0;0;0;0
259;1863;-44,82597759;-22,77862558;3;9;2007;1,0;3;1318,258505;0,082590861;0,0;5;-0,037000000000000005;-0,009000000000000001;1;0;0;0;0;0;1;0;0;0;0;0;0;0
260;1896;-44,79973652;-22,76860808;3;11;2008;4,0;3;1484,915716;2,890887489;0,0;5;-0,040999999999999995;-0,038;0;0;0;0;1;0;1;0;0;0;0;0;0;0
261;1931;-44,77019221;-22,73927937;3;8;2010;1,0;3;1571,287275;0,082614116;0,0;6;0,059000000000000004;0,055999999999999994;0;1;0;0;0;0;1;0;0;0;0;0;0;0
262;1977;-44,80428328;-22,77646962;3;8;2010;1,0;3;1330,605042;0,16518427300000002;0,0;6;-0,011000000000000001;0,025;1;0;0;0;0;0;1;0;0;0;0;0;0;0
263;2034;-44,8407998;-22,71798929;3;8;2010;1,0;2;708,4536186;0,08262668299999999;7,6e-09;6;0,027000000000000003;0,054000000000000006;0;0;0;1;0;0;1;0;0;0;0;0;0;0
264;2198;-44,85427452;-22,8097522;3;11;2012;1,0;3;1086,084961;0,165144874;0,0;5;-0,084;-0,079;1;0;0;0;0;0;1;0;0;0;0;0;0;0
265;2206;-44,85768812;-22,80701234;3;5;2012;1,0;3;1076,710654;0,247722179;0,0;5;0,025;0,013999999999999999;1;0;0;0;0;0;1;0;0;0;0;0;0;0
266;2195;-44,75919684;-22,7328115;3;10;2013;2,0;3;1733,773975;0,41308967399999996;0,0;6;-0,096;-0,091;0;1;0;0;0;0;1;0;0;0;0;0;0;0
267;2197;-44,75900819;-22,732542000000002;3;9;2013;3,0;3;1741,460022;0,165236188;0,0;6;0,061;0,113;0;1;0;0;0;0;1;0;0;0;0;0;0;0
268;2267;-44,85750846;-22,77768234;3;10;2013;1,0;3;1105,755005;0,165182838;0,0;6;-0,12300000000000001;-0,075;1;0;0;0;0;0;1;0;0;0;0;0;0;0
269;2269;-44,85575674;-22,77700861;3;10;2013;1,0;3;1153,39502;0,165183635;0,0;6;-0,27;-0,237;1;0;0;0;0;0;1;0;0;0;0;0;0;0
270;2310;-44,80414853;-22,77107973;3;9;2014;4,0;3;1300,552817;0,082595324;0,0;3;-0,063;-0,052000000000000005;1;0;0;0;0;0;1;0;0;0;0;0;0;0
271;2561;-44,78609239;-22,70478406;3;7;2019;1,0;2;1010,244214;0,082634472;0,0;6;0,05;0,026000000000000002;1;0;0;0;0;0;1;0;0;0;0;0;0;0
272;2543;-44,81438933;-22,72472666;3;11;2020;2,0;3;902,2442756000002;0,082622707;0,0;5;-0,098;-0,127;1;0;0;0;0;0;1;0;0;0;0;0;0;0
273;2577;-44,82436063;-22,77054074;3;9;2020;2,0;3;1237,572062;0,082595643;0,0;5;-0,055;-0,032;1;0;0;0;0;0;1;0;0;0;0;0;0;0
274;2582;-44,83954215;-22,79758003;9;9;2020;1,0;3;1145,380005;0,247738934;0,0;5;0,278;0,392;1;0;0;0;0;0;1;0;0;0;0;0;0;0
275;2583;-44,82193517;-22,76003045;3;11;2020;1,0;3;1165,132392;0,082601856;0,0;5;-0,128;-0,151;1;0;0;0;0;0;1;0;0;0;0;0;0;0
276;2584;-44,81950972;-22,764746600000002;3;11;2020;1,0;3;1279,905029;0,165198137;0,0;5;-0,145;-0,171;1;0;0;0;0;0;1;0;0;0;0;0;0;0
277;2586;-44,83156961;-22,76979963;3;11;2020;1,0;3;1238,204956;0,330384323;0,0;5;-0,209;-0,244;1;0;0;0;0;0;1;0;0;0;0;0;0;0
278;2590;-44,83756586;-22,75396682;3;11;2020;2,0;3;1091,291229;0,660843517;0,0;5;-0,10300000000000001;-0,158;1;0;0;0;0;0;1;0;0;0;0;0;0;0
279;2595;-44,79642302;-22,72894874;3;9;2020;1,0;3;1011,9533279999999;0,247860645;0,0;5;0,21899999999999997;0,317;1;0;0;0;0;0;1;0;0;0;0;0;0;0
280;2649;-44,8009685;-22,757551100000004;3;11;2020;1,0;3;1629,928003;0,41301660799999995;0,0;5;-0,162;-0,18899999999999997;0;1;0;0;0;0;1;0;0;0;0;0;0;0
281;2650;-44,80226207;-22,75962621;3;11;2020;1,0;3;1568,795044;0,16520419;0,0;5;-0,12;-0,14;0;1;0;0;0;0;1;0;0;0;0;0;0;0
282;2651;-44,80199258;-22,76003045;3;11;2020;1,0;3;1542,532934;0,082601856;0,0;5;-0,162;-0,237;0;1;0;0;0;0;1;0;0;0;0;0;0;0
283;2652;-44,79908203;-22,74795709;3;2;2020;1,0;3;1383,530029;0,413044952;0,0;5;-0,003;-0,004;1;0;0;0;0;0;1;0;0;0;0;0;0;0
284;2653;-44,80376354;-22,76087743;3;11;2020;1,0;3;1541,1499939999999;0,578209489;0,0;5;-0,154;-0,198;0;1;0;0;0;0;1;0;0;0;0;0;0;0
285;2654;-44,79916288;-22,74844218;3;2;2020;1,0;3;1392,585022;0,165217408;0,0;5;-0,013999999999999999;-0,018000000000000002;1;0;0;0;0;0;1;0;0;0;0;0;0;0
286;2655;-44,79896076;-22,74877905;3;11;2020;1,0;3;1411,892517;0,33043401899999997;0,0;5;-0,225;-0,243;1;0;0;0;0;0;1;0;0;0;0;0;0;0
287;2656;-44,80199258;-22,76137792;3;11;2020;1,0;3;1478,809759;0,08260106;0,0;5;-0,223;-0,321;1;0;0;0;0;0;1;0;0;0;0;0;0;0
288;2657;-44,80441803;-22,76110843;3;11;2020;1,0;3;1543,920794;0,082601219;0,0;5;-0,141;-0,159;0;1;0;0;0;0;1;0;0;0;0;0;0;0
289;2658;-44,80414853;-22,76110843;3;9;2020;1,0;3;1540,8712269999999;0,082601219;0,0;5;0,20199999999999999;0,252;0;1;0;0;0;0;1;0;0;0;0;0;0;0
290;2661;-44,79444673;-22,7427828;3;11;2020;1,0;3;1315,216449;0,08261204700000001;0,0;5;-0,109;-0,20199999999999999;1;0;0;0;0;0;1;0;0;0;0;0;0;0
291;2662;-44,8057655;-22,75437106;3;11;2020;1,0;3;1432,01117;0,082605201;0,0;5;-0,18;-0,226;1;0;0;0;0;0;1;0;0;0;0;0;0;0
292;2663;-44,805496000000005;-22,75949146;3;11;2020;1,0;3;1479,4639710000001;0,082602175;0,0;5;-0,19;-0,20800000000000002;0;0;0;0;1;0;1;0;0;0;0;0;0;0
293;2669;-44,79175178;-22,74493875;3;11;2020;1,0;3;1384,574087;0,082610773;0,0;5;-0,252;-0,299;1;0;0;0;0;0;1;0;0;0;0;0;0;0
294;2670;-44,79229077;-22,74520825;3;11;2020;1,0;3;1363,460042;0,247831842;0,0;5;-0,268;-0,331;1;0;0;0;0;0;1;0;0;0;0;0;0;0
295;2671;-44,79175178;-22,74520825;3;9;2020;1,0;3;1372,8711460000002;0,082610614;0,0;5;0,019;0,133;1;0;0;0;0;0;1;0;0;0;0;0;0;0
296;2703;-44,815467299999995;-22,76622882;3;11;2020;1,0;3;1396,031216;0,082598192;0,0;5;-0,134;-0,18100000000000002;1;0;0;0;0;0;1;0;0;0;0;0;0;0
297;2705;-44,81465882;-22,76595933;3;11;2020;1,0;3;1411,0133759999999;0,082598351;0,0;5;-0,147;-0,20199999999999999;1;0;0;0;0;0;1;0;0;0;0;0;0;0
298;2708;-44,80104934;-22,77107973;3;11;2020;2,0;3;1415,825012;0,165190648;0,0;5;-0,16699999999999998;-0,142;1;0;0;0;0;0;1;0;0;0;0;0;0;0
299;2709;-44,8006451;-22,77107973;3;9;2020;2,0;3;1405,414374;0,082595324;0,0;5;0,152;0,171;1;0;0;0;0;0;1;0;0;0;0;0;0;0
300;2713;-44,830828499999996;-22,84168731;3;9;2020;1,0;3;1106,9847359999999;0,082553509;0,0;5;-0,013000000000000001;-0,001;1;0;0;0;0;0;1;0;0;0;0;0;0;0
301;2718;-44,83460142;-22,82241845;3;9;2020;1,0;3;1094,230042;0,165129866;0,0;5;-0,07400000000000001;0,037000000000000005;1;0;0;0;0;0;1;0;0;0;0;0;0;0
302;2721;-44,80846045;-22,7624559;3;7;2020;1,0;3;1500,6418820000001;0,08260042299999999;0,0;5;0,035;0,04;0;1;0;0;0;0;1;0;0;0;0;0;0;0
303;2722;-44,80792146;-22,76164742;3;11;2020;1,0;3;1485,395516;0,08260089999999999;0,0;5;-0,152;-0,188;0;1;0;0;0;0;1;0;0;0;0;0;0;0
304;2723;-44,80813705;-22,76342608;3;11;2020;1,0;3;1499,16001;0,412999245;0,0;5;-0,153;-0,20800000000000002;0;1;0;0;0;0;1;0;0;0;0;0;0;0
305;2724;-44,80899943;-22,76407287;3;11;2020;1,0;3;1483,593962;0,082599467;0,0;5;-0,214;-0,317;0;1;0;0;0;0;1;0;0;0;0;0;0;0
306;2725;-44,8006451;-22,77081023;3;11;2020;2,0;3;1416,7478839999999;0,082595483;0,0;5;-0,179;-0,14300000000000002;1;0;0;0;0;0;1;0;0;0;0;0;0;0
307;2726;-44,80037561;-22,77054074;3;11;2020;1,0;3;1425,354157;0,082595643;0,0;5;-0,191;-0,15;1;0;0;0;0;0;1;0;0;0;0;0;0;0
308;2734;-44,75682528;-22,78676431;15;8;2020;1,0;3;1851,1779789999998;0,41293023;1,0;5;-0,01;-0,012;0;1;0;0;0;0;1;0;0;0;0;0;0;0
309;2746;-44,77315665;-22,78913586;15;7;2020;1,0;3;1782,9624760000002;0,082584643;2,0;5;-0,09300000000000001;0,02;0;1;0;0;0;0;1;0;0;0;0;0;0;0
310;2759;-44,81609613;-22,76065927;3;11;2020;1,0;3;1286,776652;0,247804453;0,0;5;-0,124;-0,146;1;0;0;0;0;0;1;0;0;0;0;0;0;0
311;2761;-44,81115539;-22,76488135;3;11;2020;1,0;3;1466,671102;0,743390898;0,0;5;-0,17600000000000002;-0,161;0;1;0;0;0;0;1;0;0;0;0;0;0;0
312;2762;-44,81250286;-22,76515085;3;11;2020;1,0;3;1456,012571;0,082598829;0,0;5;-0,212;-0,243;0;0;0;0;1;0;1;0;0;0;0;0;0;0
313;106;-44,91073364;-22,67918207;15;9;2001;1,0;1;722,7460022000001;0,165299121;2,0;3;-0,02;-0,035;0;0;0;1;0;0;0;1;0;0;0;0;0;0
314;171;-44,82665133;-22,615716100000004;15;8;2001;1,0;1;571,1428107999999;1,322990315;1,875;5;0,048;0,095;0;0;0;1;0;0;0;1;0;0;0;0;0;0
315;176;-44,8880961;-22,61746781;3;9;2001;1,0;1;646,3380127;0,165371731;0,0;4;-0,005;-0,055999999999999994;0;0;0;1;0;0;0;1;0;0;0;0;0;0
316;77;-44,79633319;-22,70680527;3;11;2012;1,0;3;947,9184700999999;0,16526656;0,0;5;-0,084;-0,064;1;0;0;0;0;0;0;1;0;0;0;0;0;0
317;79;-44,79592895;-22,70761375;3;11;2012;1,0;3;977,1740112;0,330531213;0,0;5;-0,156;-0,165;1;0;0;0;0;0;0;1;0;0;0;0;0;0
318;80;-44,79552471;-22,70801799;3;11;2012;1,0;3;994,6881304999999;0,082632565;0,0;5;-0,174;-0,179;1;0;0;0;0;0;0;1;0;0;0;0;0;0
319;149;-44,83931758;-22,64320455;15;7;2012;1,0;1;676,4984469999999;1,322731789;2,0;5;0,182;0,22;0;0;0;1;0;0;0;1;0;0;0;0;0;0
320;126;-44,81297448;-22,66419144;3;9;2014;1,0;2;778,4331207;0,661267104;0,0;3;0,086;0,055999999999999994;0;0;0;1;0;0;0;1;0;0;0;0;0;0
321;128;-44,81250286;-22,66435987;3;11;2014;1,0;2;775,4962732000001;0,08265828900000001;0,0;3;-0,215;-0,16;0;0;0;1;0;0;0;1;0;0;0;0;0;0
322;130;-44,81263761;-22,66489886;3;11;2014;1,0;2;760,1655473999999;0,16531594300000002;0,0;3;-0,156;-0,128;0;0;0;1;0;0;0;1;0;0;0;0;0;0
323;131;-44,81304185;-22,66543785;3;11;2014;1,0;2;755,9018291;0,082657654;0,0;3;-0,161;-0,126;0;0;0;1;0;0;0;1;0;0;0;0;0;0
324;135;-44,81182913;-22,66705482;3;11;2014;1,0;2;714,4974976;0,165313405;0,0;3;-0,139;-0,155;0;0;0;1;0;0;0;1;0;0;0;0;0;0
325;87;-44,9003581;-22,692656799999998;3;2;2020;1,0;2;710,5539076;0,082641621;0,0;4;-0,017;-0,018000000000000002;0;0;0;1;0;0;0;1;0;0;0;0;0;0
326;2784;-44,77517786;-22,68019268;3;7;2000;1,0;1;777,7179914;0,661191723;0,0;6;-0,002;0,248;0;0;0;1;0;0;0;0;1;0;0;0;0;0
327;2961;-44,87394763;-22,63660193;3;7;2001;1,0;1;653,7193262;0,08267462;0,0;3;0,023;0,06;0;0;0;1;0;0;0;0;1;0;0;0;0;0
328;2978;-44,81411983;-22,66058695;3;9;2001;2,0;2;778,189227;0,08266051;0,0;4;-0,045;-0,022000000000000002;0;0;0;1;0;0;0;0;1;0;0;0;0;0
329;3002;-44,81425458;-22,65896998;3;9;2001;2,0;2;783,3974915;0,165322923;0,0;4;-0,05;-0,02;0;0;0;1;0;0;0;0;1;0;0;0;0;0
330;2482;-44,76763202;-22,65721826;9;9;2019;1,75;1;733,2520905;1,322599876;1,25;6;0,127;0,17600000000000002;0;0;0;1;0;0;0;0;1;0;0;0;0;0
331;1269;-44,79336875;-22,78590193;3;8;2000;1,0;3;1254,994924;0,08258655599999999;0,0;6;0,306;0,053;1;0;0;0;0;0;0;0;0;1;0;0;0;0
332;1276;-44,78663138;-22,75086763;3;9;2013;2,0;3;1541,082151;0,082607271;0,0;6;0,29600000000000004;0,385;0;1;0;0;0;0;0;0;0;1;0;0;0;0
333;1278;-44,7858229;-22,75302359;3;10;2013;2,0;3;1648,471516;0,082605997;0,0;6;-0,109;-0,043;0;1;0;0;0;0;0;0;0;1;0;0;0;0
334;1282;-44,78541866;-22,75356258;3;10;2013;2,0;3;1668,527667;0,165211357;0,0;6;-0,138;-0,06;0;1;0;0;0;0;0;0;0;1;0;0;0;0
335;1283;-44,78501442;-22,75383207;3;10;2013;2,0;3;1681,04812;0,082605519;0,0;6;-0,162;-0,044000000000000004;0;1;0;0;0;0;0;0;0;1;0;0;0;0
336;1285;-44,78461017;-22,75437106;3;10;2013;2,0;3;1701,244995;0,165210402;0,0;6;-0,16899999999999998;-0,06;0;1;0;0;0;0;0;0;0;1;0;0;0;0
337;1293;-44,78892209;-22,75491005;3;6;2017;1,0;3;1628,794983;0,330419529;0,0;2;-0,003;0,006;0;1;0;0;0;0;0;0;0;1;0;0;0;0
338;1297;-44,78723775;-22,756055399999997;3;6;2017;1,0;3;1691,157471;0,330416822;0,0;2;0,012;0,012;0;1;0;0;0;0;0;0;0;1;0;0;0;0
339;1302;-44,79309925;-22,75962621;3;2;2020;1,0;3;1633,215027;0,16520419;0,0;5;-0,005;-0,002;0;1;0;0;0;0;0;0;0;1;0;0;0;0
340;1305;-44,78474492;-22,75410157;3;11;2020;1,0;3;1693,6621120000002;0,08260536;0,0;5;-0,051;-0,057;0;1;0;0;0;0;0;0;0;1;0;0;0;0
341;1307;-44,78636189;-22,75302359;3;11;2020;1,0;3;1633,834787;0,082605997;0,0;5;-0,054000000000000006;-0,086;0;1;0;0;0;0;0;0;0;1;0;0;0;0
342;1308;-44,78696825;-22,752754100000004;3;11;2020;1,0;3;1606,484985;0,330424625;0,0;5;-0,083;-0,12;0;1;0;0;0;0;0;0;0;1;0;0;0;0
343;1309;-44,78717037;-22,752484600000003;3;9;2020;1,0;3;1590,868805;0,082606315;0,0;5;0,23199999999999998;0,309;0;1;0;0;0;0;0;0;0;1;0;0;0;0
344;1310;-44,78717037;-22,75221511;3;11;2020;1,0;3;1581,99684;0,082606475;0,0;5;-0,07;-0,122;0;1;0;0;0;0;0;0;0;1;0;0;0;0
345;1313;-44,78447543;-22,75032864;3;11;2020;1,0;3;1551,812325;0,08260758900000001;0,0;5;-0,114;-0,12300000000000001;0;1;0;0;0;0;0;0;0;1;0;0;0;0
346;1314;-44,79282976;-22,76003045;3;2;2020;1,0;3;1637,865249;0,082601856;0,0;5;0,002;0,004;0;1;0;0;0;0;0;0;0;1;0;0;0;0
347;1315;-44,79309925;-22,76124317;15;8;2020;1,0;3;1679,274093;0,165202279;1,0;5;0,035;0,026000000000000002;0;1;0;0;0;0;0;0;0;1;0;0;0;0
348;1316;-44,79250637;-22,76121622;3;2;2020;1,0;3;1678,550049;0,413005776;0,0;5;0,004;0,008;0;1;0;0;0;0;0;0;0;1;0;0;0;0
349;1318;-44,79848915;-22,75464056;3;7;2020;1,0;3;1478,9208210000002;0,082605042;0,0;5;0,036000000000000004;0,044000000000000004;0;1;0;0;0;0;0;0;0;1;0;0;0;0
350;2919;-44,79202128;-22,78617142;3;8;2000;2,0;3;1337,825383;0,082586397;0,0;6;-0,185;-0,08900000000000001;1;0;0;0;0;0;0;0;0;0;1;0;0;0
351;2920;-44,79175178;-22,78617142;3;7;2000;2,0;3;1352,3597029999999;0,082586397;0,0;6;0,25;-0,021;1;0;0;0;0;0;0;0;0;0;1;0;0;0
352;2922;-44,79256026;-22,78656069;3;8;2000;2,0;3;1313,951104;0,743275499;0,0;6;0,252;0,163;1;0;0;0;0;0;0;0;0;0;1;0;0;0
353;2923;-44,79175178;-22,78644092;3;8;2000;2,0;3;1362,295756;0,082586237;0,0;6;0,32;0,306;1;0;0;0;0;0;0;0;0;0;1;0;0;0
354;1900;-44,80142522;-22,81781576;3;11;2008;1,0;3;1339,531051;1,568785546;0,0;5;-0,05;-0,047;1;0;0;0;0;0;0;0;0;0;1;0;0;0
355;2535;-44,77396514;-22,65923947;9;9;2019;1,0;1;759,0520977000001;0,08266130299999999;0,000174368;6;0,14400000000000002;0,2;0;0;0;1;0;0;0;0;0;0;1;0;0;0
356;2633;-44,79606369;-22,75086763;3;11;2020;3,0;3;1601,346367;0,082607271;0,0;5;-0,24600000000000002;-0,257;0;1;0;0;0;0;0;0;0;0;1;0;0;0
357;2634;-44,79633319;-22,75046339;3;11;2020;3,0;3;1584,690002;0,165215019;0,0;5;-0,27899999999999997;-0,287;0;1;0;0;0;0;0;0;0;0;1;0;0;0
358;1353;-44,75644799;-22,77673911;15;7;2012;1,0;3;1691,675471;0,082591977;0,00013078700000000002;5;0,185;0,155;0;1;0;0;0;0;0;0;0;0;0;0;1;0
359;1437;-44,79004498;-22,72858941;3;11;2012;3,0;3;1153,243327;0,247861282;0,0;5;-0,196;-0,17600000000000002;1;0;0;0;0;0;0;0;0;0;0;0;1;0
360;1441;-44,79040431;-22,72903857;3;11;2012;3,0;3;1151,016793;0,082620162;0,0;5;-0,156;-0,157;1;0;0;0;0;0;0;0;0;0;0;0;1;0
361;1442;-44,7908663;-22,72961606;3;11;2012;3,714285714;3;1131,142857;0,5783387489999999;0,0;5;-0,20800000000000002;-0,204;1;0;0;0;0;0;0;0;0;0;0;0;1;0
362;1458;-44,761191100000005;-22,72164491;3;11;2012;3,0;3;1337,960591;7,023084691;0,0;5;-0,066;-0,051;1;0;0;0;0;0;0;0;0;0;0;0;1;0
363;1467;-44,76129889;-22,71960626;3;9;2012;3,0;3;1272,5123429999999;0,08262572900000001;0,00026154;5;-0,053;0,016;1;0;0;0;0;0;0;0;0;0;0;0;1;0
364;1362;-44,76345485;-22,77107973;15;9;2013;1,0;3;1817,8933510000002;0,247785972;2,0;6;0,006999999999999999;-0,012;0;1;0;0;0;0;0;0;0;0;0;0;1;0
365;1365;-44,76581293;-22,7737073;3;9;2013;3,25;3;1772,4024960000002;0,33037508;0,0;6;-0,003;0,021;0;1;0;0;0;0;0;0;0;0;0;0;1;0
366;1422;-44,80441803;-22,74035734;3;11;2014;2,0;3;1274,551861;0,082613479;0,0;3;0,31;-0,127;1;0;0;0;0;0;0;0;0;0;0;0;1;0
367;1425;-44,80239682;-22,74089633;3;11;2014;2,0;3;1381,030029;0,16522632199999998;0,0;3;-0,075;-0,038;1;0;0;0;0;0;0;0;0;0;0;0;1;0
368;1404;-44,79444673;-22,75787449;3;11;2020;1,0;3;1575,192891;0,08260313;0,0;5;-0,141;-0,16699999999999998;0;1;0;0;0;0;0;0;0;0;0;0;1;0
369;1405;-44,79363824;-22,76110843;15;8;2020;1,0;3;1690,125184;0,082601219;1,000043611;5;0,036000000000000004;0,017;0;1;0;0;0;0;0;0;0;0;0;0;1;0
370;2555;-44,79741117;-22,74466926;3;11;2020;1,0;3;1461,132708;0,082610933;0,0;5;-0,23399999999999999;-0,305;1;0;0;0;0;0;0;0;0;0;0;0;0;1
371;2594;-44,78528391;-22,73227251;3;11;2020;2,0;3;1344,083075;0,082618253;0,0;5;-0,125;-0,152;1;0;0;0;0;0;0;0;0;0;0;0;0;1
372;2777;-44,75348355;-22,73402422;15;6;2000;2,0;3;1866,3500370000002;0,330468875;0,0;6;-0,08199999999999999;-0,21;0;1;0;0;0;0;0;0;0;0;0;1;0;0
373;2781;-44,75388779;-22,73442846;15;6;2000;2,0;3;1875,549988;0,16523396;0,0;6;-0,095;-0,129;0;1;0;0;0;0;0;0;0;0;0;1;0;0
374;2799;-44,77741467;-22,61536576;15;7;2000;1,0;1;627,7052002;0,413435502;2,0;5;0,11;0,152;0;0;0;1;0;0;0;0;0;0;0;1;0;0
375;2802;-44,79955365;-22,65224609;15;2;2000;1,0;1;760,190574;3,3066167230000003;2,0;6;0,068;0,163;0;0;0;1;0;0;0;0;0;0;0;1;0;0
376;2819;-44,768171;-22,75814399;15;7;2000;7,0;3;1852,684998;0,165205942;0,0;6;-0,053;-0,092;0;0;1;0;0;0;0;0;0;0;0;1;0;0
377;2852;-44,76210738;-22,75167612;15;6;2000;6,0;3;1868,313925;0,082606793;0,0;6;-0,075;-0,10300000000000001;0;0;1;0;0;0;0;0;0;0;0;1;0;0
378;2857;-44,76210738;-22,75194561;15;7;2000;6,0;3;1867,50558;0,082606634;0,0;6;-0,066;-0,078;0;0;1;0;0;0;0;0;0;0;0;1;0;0
379;2858;-44,76237687;-22,75221511;15;7;2000;7,0;3;1870,1827649999998;0,082606475;0,0;6;-0,07;-0,132;0;0;1;0;0;0;0;0;0;0;0;1;0;0
380;2902;-44,88715286;-22,71650707;15;7;2000;1,0;2;633,9534912;0,165255115;2,0;5;-0,079;-0,10400000000000001;0;0;0;1;0;0;0;0;0;0;0;1;0;0
381;2913;-44,76992272;-22,79061808;15;7;2000;4,0;3;1813,554993;0,165167531;2,0;6;-0,042;-0,035;0;1;0;0;0;0;0;0;0;0;0;1;0;0
382;2934;-44,76992272;-22,74844218;15;8;2001;6,0;3;1851,8234519999999;0,082608704;0,0;4;0,381;-0,147;0;0;1;0;0;0;0;0;0;0;0;1;0;0
383;2935;-44,75604375;-22,7476337;15;8;2001;3,0;3;1831,309998;0,165218363;0,0;4;0,019;0,012;0;0;1;0;0;0;0;0;0;0;0;1;0;0
384;2936;-44,75658274;-22,74790319;15;8;2001;3,0;3;1833,2399899999998;0,165218044;0,0;4;0,024;0,013999999999999999;0;0;1;0;0;0;0;0;0;0;0;1;0;0
385;2938;-44,76857525;-22,74898117;15;7;2001;2,0;3;1847,2961460000001;0,082608385;0,000130791;4;0,099;0,12300000000000001;0;0;1;0;0;0;0;0;0;0;0;1;0;0
386;2950;-44,76911424;-22,74543283;15;7;2001;2,833333333;3;1709,7166949999998;0,495662889;2,0;4;0,133;0,134;0;1;0;0;0;0;0;0;0;0;0;1;0;0
387;2953;-44,76884474;-22,74601673;15;8;2001;2,0;3;1756,2237;0,082610137;2,0;4;-0,027999999999999997;0,001;0;1;0;0;0;0;0;0;0;0;0;1;0;0
388;2954;-44,76857525;-22,74601673;15;7;2001;2,0;3;1749,878605;0,082610137;2,0;4;0,10800000000000001;0,10300000000000001;0;1;0;0;0;0;0;0;0;0;0;1;0;0
389;2955;-44,76864262;-22,74541037;15;8;2001;3,0;3;1709,0875239999998;0,330441979;2,5;4;-0,069;-0,028999999999999998;0;1;0;0;0;0;0;0;0;0;0;1;0;0
390;2956;-44,76931636;-22,74594936;15;8;2001;3,0;3;1751,179993;0,33044070600000003;0,0;4;-0,063;-0,028999999999999998;0;1;0;0;0;0;0;0;0;0;0;1;0;0
391;2959;-44,76911424;-22,74709471;15;8;2001;2,0;3;1798,4899899999998;0,24782849899999998;1,333333333;4;-0,062;-0,07400000000000001;0;0;0;0;1;0;0;0;0;0;0;1;0;0
392;2965;-44,90817344;-22,67540915;15;9;2001;1,0;1;677,324487;0,08265178299999999;2,0;3;0,008;-0,102;0;0;0;1;0;0;0;0;0;0;0;1;0;0
393;2967;-44,90790395;-22,67487016;15;9;2001;1,0;1;658,9241122000001;0,0826521;2,0;3;0,025;-0,064;0;0;0;1;0;0;0;0;0;0;0;1;0;0
394;2968;-44,90871243;-22,67567864;15;9;2001;1,0;1;692,0317093;0,082651624;2,0;3;0,001;-0,11199999999999999;0;0;0;1;0;0;0;0;0;0;0;1;0;0
395;2970;-44,907769200000004;-22,62164498;15;8;2001;1,0;1;580,5781212;1,32293458;1,0;4;0,076;0,114;0;0;0;1;0;0;0;0;0;0;0;1;0;0
396;3001;-44,89402498;-22,874430899999997;15;8;2001;1,0;3;923,7280883999999;1,320545222;2,0;3;0,02;0,026000000000000002;0;0;0;0;1;0;0;0;0;0;0;1;0;0
397;3012;-44,74728517;-22,77350518;15;7;2001;7,0;3;1683,775335;0,08259389;0,0;4;-0,035;0,008;0;1;0;0;0;0;0;0;0;0;0;1;0;0
398;3014;-44,9054785;-22,77458316;15;8;2001;1,0;3;917,768173;0,082593252;2,0000436109999997;3;-0,018000000000000002;-0,038;1;0;0;0;0;0;0;0;0;0;0;1;0;0
399;1591;-44,76695828;-22,737662399999998;15;8;2004;4,0;3;1678,875228;0,082615071;1,9998256319999999;5;-0,062;-0,049;0;1;0;0;0;0;0;0;0;0;0;1;0;0
400;1636;-44,75024961;-22,77431366;15;8;2004;5,0;3;1671,409781;0,08259341099999999;0,0;5;-0,02;-0,03;0;1;0;0;0;0;0;0;0;0;0;1;0;0
401;1653;-44,76632946;-22,73860563;15;8;2006;2,833333333;3;1746,508362;0,49568708200000006;1,6666666669999999;6;-0,054000000000000006;-0,2;0;1;0;0;0;0;0;0;0;0;0;1;0;0
402;1660;-44,76554343;-22,73907724;15;8;2006;4,0;3;1777,002472;0,330456941;2,0;6;-0,065;-0,19899999999999998;0;1;0;0;0;0;0;0;0;0;0;1;0;0
403;1662;-44,76574555;-22,73874038;15;7;2006;3,0;3;1767,9550170000002;0,165228868;2,0;6;0,105;0,17;0;1;0;0;0;0;0;0;0;0;0;1;0;0
404;1666;-44,76507182;-22,73954886;15;8;2006;3,0;3;1786,690897;0,082613957;1,9999999919999998;6;-0,073;-0,201;0;1;0;0;0;0;0;0;0;0;0;1;0;0
405;1667;-44,76453283;-22,73954886;15;7;2006;3,0;3;1790,620036;0,24784187;2,0;6;0,1;0,17800000000000002;0;1;0;0;0;0;0;0;0;0;0;1;0;0
406;1668;-44,74971063;-22,73173352;15;7;2006;3,0;3;1809,349946;0,082618571;1,999912816;6;0,126;0,217;0;1;0;0;0;0;0;0;0;0;0;1;0;0
407;1669;-44,75011487;-22,73159877;15;8;2006;3,0;3;1805,189972;0,33047460300000003;2,0;6;-0,069;-0,22699999999999998;0;1;0;0;0;0;0;0;0;0;0;1;0;0
408;1670;-44,75146234;-22,73173352;15;7;2006;3,0;3;1795,8500370000002;0,165237142;2,0;6;0,138;0,21100000000000002;0;1;0;0;0;0;0;0;0;0;0;1;0;0
409;1672;-44,75159709;-22,732542000000002;15;8;2006;3,0;3;1828,11048;0,082618094;1,0;6;-0,07;-0,21;0;1;0;0;0;0;0;0;0;0;0;1;0;0
410;1673;-44,75146234;-22,73200301;15;8;2006;3,0;3;1811,574951;0,165236824;1,0;6;-0,055;-0,20600000000000002;0;1;0;0;0;0;0;0;0;0;0;1;0;0
411;1674;-44,75051911;-22,73200301;15;8;2006;3,0;3;1816,0588510000002;0,082618412;8,72e-05;6;-0,055999999999999994;-0,198;0;1;0;0;0;0;0;0;0;0;0;1;0;0
412;1675;-44,74944113;-22,7328115;15;7;2006;3,0;3;1828,7233600000002;0,082617935;0,0;6;0,091;0,16699999999999998;0;1;0;0;0;0;0;0;0;0;0;1;0;0
413;1677;-44,75159709;-22,7328115;15;7;2006;3,0;3;1832,5525149999999;0,082617935;1,0;6;0,11699999999999999;0,191;0;1;0;0;0;0;0;0;0;0;0;1;0;0
414;1731;-44,76439808;-22,74035734;15;7;2006;4,0;3;1788,820007;0,165226958;2,0;6;0,11599999999999999;0,192;0;1;0;0;0;0;0;0;0;0;0;1;0;0
415;1734;-44,75833445;-22,7473642;15;8;2006;3,0;3;1812,273719;0,082609341;1,0;6;-0,1;-0,22;0;1;0;0;0;0;0;0;0;0;0;1;0;0
416;1735;-44,75865295;-22,7475602;15;7;2006;3,0;3;1820,1024929999999;0,9087014729999999;1,181818182;6;0,113;0,142;0;1;0;0;0;0;0;0;0;0;0;1;0;0
417;1737;-44,7590531;-22,74718454;15;8;2006;3,0;3;1795,8066809999998;0,24782834;2,0;6;-0,09300000000000001;-0,20800000000000002;0;1;0;0;0;0;0;0;0;0;0;1;0;0
418;1740;-44,75914294;-22,74790319;15;8;2006;3,0;3;1832,516034;0,082609022;1,0;6;-0,044000000000000004;-0,168;0;1;0;0;0;0;0;0;0;0;0;1;0;0
419;1702;-44,89631568;-22,66974976;15;7;2007;1,0;1;757,7366185;0,082655116;1,9998256319999999;6;0,168;0,23800000000000002;0;0;0;1;0;0;0;0;0;0;0;1;0;0
420;1705;-44,90064107;-22,67019443;15;7;2007;2,0;1;704,5022191;1,653097075;3,0;6;0,113;0,177;0;0;0;1;0;0;0;0;0;0;0;1;0;0
421;1709;-44,84484221;-22,72647837;15;7;2007;1,0;3;644,5111511;1,652433466;2,0;5;0,11199999999999999;0,177;1;0;0;0;0;0;0;0;0;0;0;1;0;0
422;1748;-44,76801701;-22,75032864;15;7;2007;6,642857143;3;1832,050004;1,15650625;0,071428571;5;0,055;0,091;0;0;1;0;0;0;0;0;0;0;0;1;0;0
423;1754;-44,77450413;-22,75113713;15;9;2007;3,0;3;1839,903348;0,082607112;0,0;5;-0,172;-0,002;0;1;0;0;0;0;0;0;0;0;0;1;0;0
424;1776;-44,77019221;-22,74803794;15;7;2007;3,5;3;1837,184998;0,165217885;0,0;5;-0,043;-0,04;0;0;1;0;0;0;0;0;0;0;0;1;0;0
425;1780;-44,77046171;-22,74871168;15;7;2007;6,0;3;1846,144515;0,082608545;0,0;5;-0,065;-0,051;0;0;1;0;0;0;0;0;0;0;0;1;0;0
426;1826;-44,79121279;-22,66921077;15;9;2007;2,0;2;800,8951127;0,082655433;3,0;5;-0,115;-0,03;0;0;0;1;0;0;0;0;0;0;0;1;0;0
427;1828;-44,79121279;-22,66867178;15;9;2007;1,0;2;773,9880722999999;0,08265575;3,0;5;-0,08800000000000001;-0,009000000000000001;0;0;0;1;0;0;0;0;0;0;0;1;0;0
428;1924;-44,86087714;-22,68790215;15;8;2010;1,0;1;683,5571376;1,157021925;2,0;6;0,133;0,182;0;0;0;1;0;0;0;0;0;0;0;1;0;0
429;1932;-44,76534131;-22,73927937;15;8;2010;4,0;3;1782,2654760000003;0,082614116;2,0000871730000003;6;0,11;0,145;0;1;0;0;0;0;0;0;0;0;0;1;0;0
430;2046;-44,84327016;-22,71524943;15;8;2010;1,0;2;783,4636637;0,49576979600000004;2,0;6;-0,027000000000000003;0,005;0;0;0;1;0;0;0;0;0;0;0;1;0;0
431;2022;-44,87571941;-22,72907298;15;8;2011;1,0;3;623,4428406000001;3,883146665;2,617021277;5;-0,08;-0,05;0;0;0;0;1;0;0;0;0;0;0;1;0;0
432;2173;-44,76776676;-22,75787449;15;6;2012;6,0;3;1849,565552;0,08260313;0,0;5;0,004;0,085;0;0;1;0;0;0;0;0;0;0;0;1;0;0
433;2181;-44,76924898;-22,75329308;15;7;2012;2,0;3;1817,380005;0,165211676;0,0;5;0,008;0,011000000000000001;0;0;1;0;0;0;0;0;0;0;0;1;0;0
434;2189;-44,75644799;-22,73132928;15;9;2013;2,5;3;1753,914978;0,16523762;2,0;6;0,057;0,07;0;1;0;0;0;0;0;0;0;0;0;1;0;0
435;2190;-44,75806496;-22,73105978;15;9;2013;3,0;3;1720,804993;0,165237938;1,0;6;0,048;0,013000000000000001;0;1;0;0;0;0;0;0;0;0;0;1;0;0
436;2196;-44,74971063;-22,732542000000002;15;9;2013;3,0;3;1831,916104;0,082618094;3,8e-09;6;-0,01;-0,022000000000000002;0;1;0;0;0;0;0;0;0;0;0;1;0;0
437;2226;-44,75294456;-22,73335048;15;9;2013;1,0;3;1853,195369;0,082617617;0,0;6;0,0;-0,009000000000000001;0;1;0;0;0;0;0;0;0;0;0;1;0;0
438;2227;-44,75415729;-22,73348523;15;9;2013;2,0;3;1859,299988;0,330470148;0,0;6;0,001;-0,005;0;1;0;0;0;0;0;0;0;0;0;1;0;0
439;2230;-44,75321406;-22,73361998;15;9;2013;2,0;3;1861,2893629999999;0,082617458;0,0;6;-0,015;-0,006;0;1;0;0;0;0;0;0;0;0;0;1;0;0
440;2266;-44,79601683;-22,68301944;15;10;2013;1,260869565;2;883,2042634;3,8017758039999996;2,0;6;0,09300000000000001;0,16;0;0;0;1;0;0;0;0;0;0;0;1;0;0
441;2232;-44,92083969;-22,65182837;15;9;2014;1,0;1;666,3479919;0,165331328;2,0;3;-0,121;-0,07;0;0;0;1;0;0;0;0;0;0;0;1;0;0
442;2237;-44,91976171;-22,65964372;15;9;2014;1,0;1;677,5020047999999;2,149187686;2,0;3;0,021;0,065;0;0;0;1;0;0;0;0;0;0;0;1;0;0
443;2242;-44,90170557;-22,67082774;15;9;2014;1,0;1;722,5705727000001;0,082654481;3,0;3;-0,037000000000000005;-0,061;0;0;0;1;0;0;0;0;0;0;0;1;0;0
444;2244;-44,90601749;-22,67055825;15;9;2014;1,0;1;668,1386113;0,24796391899999998;2,0;3;-0,043;-0,027000000000000003;0;0;0;1;0;0;0;0;0;0;0;1;0;0
445;2250;-44,90569409;-22,61197012;15;9;2014;1,0;1;749,2218017999999;0,41344547600000003;1,0;3;0,003;0,034;0;0;0;1;0;0;0;0;0;0;0;1;0;0
446;2251;-44,90413102;-22,61396438;15;9;2014;1,0;1;654,7398597;0,08268792400000001;1,0;3;0,022000000000000002;0,03;0;0;0;1;0;0;0;0;0;0;0;1;0;0
447;2252;-44,92050282;-22,64987454;15;9;2014;1,0;1;715,1100006;0,330667253;1,0;3;-0,061;0,005;0;0;0;1;0;0;0;0;0;0;0;1;0;0
448;2253;-44,92164817;-22,65007666;15;9;2014;1,0;1;706,5582923;0,082666694;1,0;3;-0,047;0,009000000000000001;0;0;0;1;0;0;0;0;0;0;0;1;0;0
449;2254;-44,92137868;-22,65061565;15;9;2014;1,0;1;691,0406142;0,082666377;0,9999999959999999;3;-0,055;-0,02;0;0;0;1;0;0;0;0;0;0;0;1;0;0
450;2279;-44,85723897;-22,73523695;15;9;2014;1,0;3;726,4678937000001;0,082616503;2,99973846;3;0,11800000000000001;0,18;1;0;0;0;0;0;0;0;0;0;0;1;0;0
451;2280;-44,85589149;-22,73577594;15;9;2014;2,0;3;773,8456091;0,082616185;3,0;3;0,040999999999999995;0,08;1;0;0;0;0;0;0;0;0;0;0;1;0;0
452;2282;-44,85616099;-22,73604543;15;9;2014;1,0;3;773,1666908;0,082616025;3,0;3;0,009000000000000001;0,055;1;0;0;0;0;0;0;0;0;0;0;1;0;0
453;2285;-44,85696947;-22,73483271;15;9;2014;1,5;3;699,2480164;0,16523348300000001;3,0;3;0,114;0,175;0;0;0;0;1;0;0;0;0;0;0;1;0;0
454;2289;-44,90089709;-22,67109724;15;9;2014;1,0;1;751,7183946;0,082654322;3,0;3;-0,042;-0,049;0;0;0;1;0;0;0;0;0;0;0;1;0;0
455;2318;-44,82368689;-22,76191691;15;9;2014;5,0;3;1217,595032;0,16520148199999998;2,5;3;0,069;0,069;1;0;0;0;0;0;0;0;0;0;0;1;0;0
456;2340;-44,86020341;-22,71798929;15;9;2014;1,0;2;708,0747951000001;0,08262668299999999;2,0;3;0,03;-0,004;0;0;0;1;0;0;0;0;0;0;0;1;0;0
457;2342;-44,8604729;-22,71731556;15;9;2014;1,0;2;671,333669;0,495762482;2,0;3;-0,001;-0,017;0;0;0;1;0;0;0;0;0;0;0;1;0;0
458;2361;-44,91140738;-22,69238731;15;9;2014;1,6666666669999999;2;642,1883341;0,24792534;1,0;3;-0,006999999999999999;0,027000000000000003;0;0;0;1;0;0;0;0;0;0;0;1;0;0
459;2387;-44,76579047;-22,78060187;15;8;2015;1,6666666669999999;3;1832,16333;0,247769076;0,0;3;0,051;0,10800000000000001;0;1;0;0;0;0;0;0;0;0;0;1;0;0
460;2390;-44,75563951;-22,7875189;15;8;2015;5,0;3;1867,862873;0,08258560000000001;0,0;3;-0,087;-0,012;0;1;0;0;0;0;0;0;0;0;0;1;0;0
461;2378;-44,85413978;-22,73079029;15;9;2016;1,0;3;617,4361267;1,321906049;2,0;3;0,081;0,12;1;0;0;0;0;0;0;0;0;0;0;1;0;0
462;2410;-44,76480232;-22,75140662;15;9;2016;4,0;3;1833,113102;0,082606952;0,9998692090000001;2;-0,027999999999999997;-0,044000000000000004;0;0;1;0;0;0;0;0;0;0;0;1;0;0
463;2434;-44,8405688;-22,86172616;15;8;2016;1,0;3;1010,7205;2,3111653519999997;2,0;3;0,004;0,134;1;0;0;0;0;0;0;0;0;0;0;1;0;0
464;2449;-44,76628454;-22,75032864;15;9;2018;3,5;3;1813,414978;0,16521517900000002;0,0;6;-0,053;-0,124;0;0;1;0;0;0;0;0;0;0;0;1;0;0
465;2458;-44,76480232;-22,75140662;15;9;2018;4,0;3;1833,113102;0,082606952;0,0;6;-0,126;-0,07400000000000001;0;0;1;0;0;0;0;0;0;0;0;1;0;0
466;2487;-44,77221342;-22,78697991;15;9;2018;1,0;3;1803,1350100000002;0,165171837;1,0;6;-0,068;-0,057999999999999996;0;1;0;0;0;0;0;0;0;0;0;1;0;0
467;2489;-44,76803626;-22,7875189;15;9;2018;2,0;3;1790,8632280000002;0,08258560000000001;1,0;6;-0,061;-0,156;0;1;0;0;0;0;0;0;0;0;0;1;0;0
468;2509;-44,850697600000004;-22,72976131;15;9;2019;1,0;3;645,355251;3,635268361;2,25;6;0,129;0,166;1;0;0;0;0;0;0;0;0;0;0;1;0;0
469;2519;-44,85376922;-22,68864807;15;9;2019;1,0;1;723,6358032;0,661151869;2,0;6;0,161;0,214;0;0;0;1;0;0;0;0;0;0;0;1;0;0
470;2557;-44,84632443;-22,7823985;15;8;2019;1,0;3;1165,02002;0,16517725800000002;3,0;6;0,049;0,046;1;0;0;0;0;0;0;0;0;0;0;1;0;0
471;2559;-44,84592019;-22,78293749;15;8;2019;1,0;3;1180,075159;0,08258831;3,0;6;-0,013000000000000001;-0,044000000000000004;1;0;0;0;0;0;0;0;0;0;0;1;0;0
472;2549;-44,91113788;-22,662742899999998;15;8;2020;1,0;1;660,6289487;0,082659241;3,0;4;-0,016;-0,019;0;0;0;1;0;0;0;0;0;0;0;1;0;0
473;2551;-44,91194637;-22,66287765;15;8;2020;1,0;1;660,8739325;0,16531832300000002;3,0;4;-0,013999999999999999;-0,013999999999999999;0;0;0;1;0;0;0;0;0;0;0;1;0;0
474;2552;-44,81775801;-22,65519706;15;9;2020;1,0;1;734,5920105;0,165327363;2,0;5;-0,175;-0,03;0;0;0;1;0;0;0;0;0;0;0;1;0;0
475;2553;-44,81681043;-22,65513403;15;8;2020;1,0;1;745,0119368;10,25030113;1,870967742;5;0,07200000000000001;0,138;0;0;0;1;0;0;0;0;0;0;0;1;0;0
476;2556;-44,85009736;-22,73537169;15;9;2020;1,0;3;698,7644958;1,321862772;3,0;5;-0,17800000000000002;0,07400000000000001;0;0;0;0;1;0;0;0;0;0;0;1;0;0
477;2667;-44,75658274;-22,74790319;15;8;2020;3,0;3;1833,2399899999998;0,165218044;0,0;5;0,039;0,039;0;0;1;0;0;0;0;0;0;0;0;1;0;0
478;2672;-44,76938373;-22,75288884;15;8;2020;4,5;3;1818,015015;0,165212153;0,0;5;-0,05;-0,015;0;0;1;0;0;0;0;0;0;0;0;1;0;0
479;2680;-44,76668878;-22,75113713;15;8;2020;10,0;3;1810,1755870000002;0,082607112;1,0;5;-0,031;-0,032;0;0;1;0;0;0;0;0;0;0;0;1;0;0
480;2681;-44,76507182;-22,75086763;15;9;2020;4,0;3;1822,338661;0,082607271;0,9998692090000001;5;-0,091;-0,106;0;0;1;0;0;0;0;0;0;0;0;1;0;0
481;2685;-44,76709303;-22,749924399999998;15;7;2020;6,625;3;1822,9166870000001;1,32172525;0,625;5;0,1;0,171;0;0;1;0;0;0;0;0;0;0;0;1;0;0
482;2687;-44,76736252;-22,75059814;15;8;2020;6,5;3;1822,908747;0,16521486;0,0;5;0,061;0,054000000000000006;0;0;1;0;0;0;0;0;0;0;0;1;0;0
483;2698;-44,82441452;-22,81948095;15;8;2020;1,0;3;1154,012012;0,412833368;3,0;5;-0,077;-0,051;1;0;0;0;0;0;0;0;0;0;0;1;0;0
484;2699;-44,82409113;-22,81931926;15;7;2020;1,0;3;1149,813822;0,082566769;3,0;5;0,183;0,27399999999999997;1;0;0;0;0;0;0;0;0;0;0;1;0;0
485;2700;-44,82476487;-22,82012774;15;8;2020;1,0;3;1174,6899720000001;0,330265162;3,0;5;-0,07;-0,039;1;0;0;0;0;0;0;0;0;0;0;1;0;0
486;2701;-44,82493811;-22,8197235;15;7;2020;1,0;3;1158,754281;1,155931419;3,0;5;0,16899999999999998;0,259;1;0;0;0;0;0;0;0;0;0;0;1;0;0
